0	3	-0.721	-0.078
0	3	-0.721	-0.643
0	4	-1.909	-0.149
0	4	-1.909	-0.571
0	4	-1.909	-0.591
0	4	-1.909	-0.598
0	8	-0.158	0.237
0	8	-0.158	-0.207
0	8	-0.158	-0.461
0	8	-0.158	0.273
0	9	-0.76	-0.17
0	9	-0.76	0.414
0	9	-0.76	-0.479
0	9	-0.76	-0.525
0	12	-1.349	-0.479
0	12	-1.349	-0.114
0	12	-1.349	-0.159
0	12	-1.349	-0.597
0	18	-0.621	-0.125
0	18	-0.621	-0.496
0	19	-1.539	-0.438
0	19	-1.539	-0.204
0	19	-1.539	-0.304
0	19	-1.539	-0.593
0	21	-0.32	-0.466
0	21	-0.32	0.338
0	21	-0.32	-0.562
0	21	-0.32	0.37
0	22	-1.083	0.111
0	22	-1.083	-0.373
0	22	-1.083	-0.232
0	22	-1.083	-0.589
0	24	-0.202	-0.217
0	24	-0.202	-0.022
0	24	-0.202	-0.145
0	24	-0.202	0.182
0	27	0.409	0.409
0	28	0.146	0.036
0	28	0.146	0.066
0	28	0.146	0.044
0	29	0.07	0.027
0	29	0.07	0.043
0	38	-0.974	0.426
0	38	-0.974	-0.289
0	38	-0.974	-0.54
0	38	-0.974	-0.571
0	39	-1.146	-0.545
0	39	-1.146	-0.409
0	39	-1.146	-0.192
0	41	-1.172	-0.507
0	41	-1.172	-0.073
0	41	-1.172	-0.592
0	43	-1.632	-0.428
0	43	-1.632	-0.348
0	43	-1.632	-0.439
0	43	-1.632	-0.417
0	46	-1.199	-0.135
0	46	-1.199	-0.29
0	46	-1.199	-0.443
0	46	-1.199	-0.331
0	47	-1.635	-0.229
0	47	-1.635	-0.421
0	47	-1.635	-0.378
0	47	-1.635	-0.607
0	48	0.245	-0.523
0	48	0.245	0.491
0	48	0.245	0.277
0	50	-0.415	0.355
0	50	-0.415	-0.095
0	50	-0.415	-0.675
0	53	-0.095	0.148
0	53	-0.095	-0.4
0	53	-0.095	0.571
0	53	-0.095	-0.414
0	54	-0.969	0.241
0	54	-0.969	-0.124
0	54	-0.969	-0.436
0	54	-0.969	-0.65
0	55	-0.969	0.167
0	55	-0.969	-0.418
0	55	-0.969	-0.563
0	55	-0.969	-0.155
0	56	-0.271	0.232
0	56	-0.271	-0.287
0	56	-0.271	-0.136
0	56	-0.271	-0.08
0	57	0.437	0.322
0	57	0.437	-0.051
0	57	0.437	0.254
0	57	0.437	-0.088
0	58	0.181	0.226
0	58	0.181	-0.41
0	58	0.181	0.254
0	58	0.181	0.111
0	59	0.526	0.289
0	59	0.526	0.024
0	59	0.526	0.213
0	61	0.651	0.316
0	61	0.651	0.164
0	61	0.651	-0.358
0	61	0.651	0.529
0	67	-1.397	-0.071
0	67	-1.397	-0.658
0	67	-1.397	-0.668
1	4	-1.624	-0.242
1	4	-1.624	-0.304
1	4	-1.624	-0.423
1	4	-1.624	-0.655
1	8	0.232	0.397
1	8	0.232	0.1
1	8	0.232	-0.021
1	8	0.232	-0.244
1	9	-0.907	-0.205
1	9	-0.907	0.338
1	9	-0.907	-0.541
1	9	-0.907	-0.499
1	12	-0.898	-0.488
1	12	-0.898	0.034
1	12	-0.898	-0.135
1	12	-0.898	-0.309
1	18	-0.404	0.162
1	18	-0.404	-0.566
1	19	-0.433	-0.467
1	19	-0.433	0.412
1	19	-0.433	-0.072
1	19	-0.433	-0.306
1	21	0.397	0.079
1	21	0.397	-0.108
1	21	0.397	-0.442
1	21	0.397	0.868
1	22	-1.125	0.042
1	22	-1.125	-0.289
1	22	-1.125	-0.316
1	22	-1.125	-0.562
1	24	0.703	0.358
1	24	0.703	0.431
1	24	0.703	-0.115
1	24	0.703	0.029
1	27	0.859	0.664
1	27	0.859	0.195
1	28	1.264	0.107
1	28	1.264	0.466
1	28	1.264	0.691
1	29	0.515	0.303
1	29	0.515	0.121
1	29	0.515	0.091
1	38	-0.662	0.42
1	38	-0.662	-0.015
1	38	-0.662	-0.43
1	38	-0.662	-0.637
1	39	-0.859	-0.471
1	39	-0.859	-0.173
1	39	-0.859	-0.215
1	41	0.144	0.217
1	41	0.144	0.091
1	41	0.144	-0.164
1	43	-1.223	-0.442
1	43	-1.223	-0.362
1	43	-1.223	0.071
1	43	-1.223	-0.49
1	46	-1.156	-0.11
1	46	-1.156	-0.413
1	46	-1.156	-0.289
1	46	-1.156	-0.344
1	47	-0.6	-0.278
1	47	-0.6	-0.075
1	47	-0.6	-0.168
1	47	-0.6	-0.079
1	48	0.995	-0.548
1	48	0.995	0.654
1	48	0.995	0.889
1	50	1.301	0.421
1	50	1.301	0.046
1	50	1.301	0.834
1	53	-0.38	-0.006
1	53	-0.38	-0.39
1	53	-0.38	0.45
1	53	-0.38	-0.434
1	54	1.775	0.35
1	54	1.775	0.548
1	54	1.775	0.882
1	54	1.775	-0.005
1	55	0.014	0.205
1	55	0.014	0.073
1	55	0.014	-0.068
1	55	0.014	-0.196
1	56	0.998	0.386
1	56	0.998	0.701
1	56	0.998	0.238
1	56	0.998	-0.327
1	57	1.179	0.32
1	57	1.179	0.562
1	57	1.179	0.184
1	57	1.179	0.113
1	58	0.931	0.382
1	58	0.931	0.248
1	58	0.931	0.182
1	58	0.931	0.119
1	59	0.434	0.241
1	59	0.434	0.284
1	59	0.434	0.584
1	59	0.434	-0.675
1	61	1.607	0.366
1	61	1.607	0.53
1	61	1.607	0.532
1	61	1.607	0.179
1	67	0.346	0.749
1	67	0.346	-0.192
1	67	0.346	-0.211
2	8	0.879	0.677
2	8	0.879	0.077
2	8	0.879	0.009
2	8	0.879	0.116
2	9	0.729	0.832
2	9	0.729	0.557
2	9	0.729	-0.257
2	9	0.729	-0.403
2	12	0.001	-0.363
2	12	0.001	0.032
2	12	0.001	0.077
2	12	0.001	0.255
2	18	-0.836	0.135
2	18	-0.836	-0.536
2	18	-0.836	-0.435
2	19	-0.197	-0.349
2	19	-0.197	0.473
2	19	-0.197	-0.243
2	19	-0.197	-0.078
2	21	-0.732	-0.133
2	21	-0.732	-0.17
2	21	-0.732	-0.239
2	21	-0.732	-0.19
2	22	0.232	-0.185
2	22	0.232	0.258
2	22	0.232	-0.109
2	22	0.232	0.268
2	24	1.294	-0.033
2	24	1.294	0.8
2	24	1.294	0.28
2	24	1.294	0.247
2	27	-1.372	-0.192
2	27	-1.372	-0.62
2	27	-1.372	-0.56
2	28	-0.173	0.055
2	28	-0.173	-0.189
2	28	-0.173	-0.039
2	29	0.108	-0.002
2	29	0.108	0.185
2	29	0.108	-0.075
2	38	0.141	0.329
2	38	0.141	0.005
2	38	0.141	-0.352
2	38	0.141	0.159
2	39	0.374	-0.084
2	39	0.374	0.399
2	39	0.374	0.059
2	41	0.523	0.464
2	41	0.523	-0.009
2	41	0.523	0.068
2	43	0.287	-0.015
2	43	0.287	-0.345
2	43	0.287	0.878
2	43	0.287	-0.231
2	46	-0.402	0.429
2	46	-0.402	-0.265
2	46	-0.402	-0.393
2	46	-0.402	-0.173
2	47	0.506	0.017
2	47	0.506	0.609
2	47	0.506	-0.165
2	47	0.506	0.045
2	48	0.755	-0.194
2	48	0.755	0.394
2	48	0.755	0.555
2	50	0.082	-0.019
2	50	0.082	0.223
2	50	0.082	-0.122
2	53	-0.106	0.496
2	53	-0.106	-0.265
2	53	-0.106	-0.272
2	53	-0.106	-0.065
2	54	0.001	0.281
2	54	0.001	-0.176
2	54	0.001	0.09
2	54	0.001	-0.194
2	55	0.359	0.036
2	55	0.359	0.05
2	55	0.359	0.056
2	55	0.359	0.217
2	56	0.493	0.096
2	56	0.493	-0.007
2	56	0.493	0.513
2	56	0.493	-0.109
2	57	1.443	0.203
2	57	1.443	0.232
2	57	1.443	0.619
2	57	1.443	0.389
2	58	-0.468	0.281
2	58	-0.468	0.278
2	58	-0.468	-0.372
2	58	-0.468	-0.655
2	59	-1.452	0.21
2	59	-1.452	-0.475
2	59	-1.452	-0.619
2	59	-1.452	-0.568
2	61	-0.315	0.055
2	61	-0.315	0.024
2	61	-0.315	-0.016
2	61	-0.315	-0.378
2	67	1.118	0.226
2	67	1.118	0.135
2	67	1.118	0.757
3	6	-0.496	-0.122
3	6	-0.496	-0.289
3	6	-0.496	-0.085
3	7	-0.479	-0.057
3	7	-0.479	-0.319
3	7	-0.479	-0.103
3	10	0.084	0.287
3	10	0.084	0.154
3	10	0.084	-0.357
3	11	-0.3	0.071
3	11	-0.3	-0.371
3	13	0.386	0.373
3	13	0.386	0.013
3	14	0.205	0.125
3	14	0.205	-0.239
3	14	0.205	0.319
3	15	-0.174	0.009
3	15	-0.174	0.089
3	15	-0.174	0.006
3	15	-0.174	-0.278
3	16	-1.271	-0.202
3	16	-1.271	-0.408
3	16	-1.271	-0.324
3	16	-1.271	-0.337
3	17	-0.497	-0.187
3	17	-0.497	-0.373
3	17	-0.497	0.063
3	20	0.185	0.03
3	20	0.185	-0.3
3	20	0.185	0.455
3	23	-0.439	-0.196
3	23	-0.439	0.974
3	23	-0.439	-0.628
3	23	-0.439	-0.589
3	25	0.298	0.149
3	25	0.298	0.756
3	25	0.298	-0.018
3	25	0.298	-0.589
3	26	-0.09	-0.047
3	26	-0.09	0.024
3	26	-0.09	-0.067
3	30	-0.015	0.031
3	30	-0.015	-0.046
3	31	0.199	0.312
3	31	0.199	-0.113
3	32	0.111	0.327
3	32	0.111	-0.216
3	33	0.313	0.313
3	34	0.317	0.161
3	34	0.317	-0.442
3	34	0.317	0.598
3	35	-1.051	-0.366
3	35	-1.051	-0.032
3	35	-1.051	-0.678
3	35	-1.051	0.025
3	36	-0.982	-0.184
3	36	-0.982	-0.328
3	36	-0.982	-0.47
3	37	1.074	0.148
3	37	1.074	-0.365
3	37	1.074	1.291
3	40	0.348	0.543
3	40	0.348	-0.195
3	42	0.418	0.429
3	42	0.418	-0.636
3	42	0.418	0.625
3	44	0.253	0.238
3	44	0.253	-0.342
3	44	0.253	0.357
3	45	-0.202	0.287
3	45	-0.202	-0.28
3	45	-0.202	-0.209
3	49	0.221	-0.141
3	49	0.221	-0.251
3	49	0.221	0.613
3	51	2.225	1.339
3	51	2.225	0.656
3	51	2.225	0.23
3	52	0.492	0.201
3	52	0.492	-0.177
3	52	0.492	0.468
3	60	0.064	0.103
3	60	0.064	-0.372
3	60	0.064	-0.743
3	60	0.064	1.076
3	62	0.17	0.046
3	62	0.17	0.124
3	63	1.131	0.076
3	63	1.131	-0.383
3	63	1.131	0.891
3	63	1.131	0.547
3	64	0.77	0.546
3	64	0.77	-0.157
3	64	0.77	0.381
3	65	0.73	-0.401
3	65	0.73	0.329
3	65	0.73	0.203
3	65	0.73	0.599
3	66	1.22	0.261
3	66	1.22	0.093
3	66	1.22	0.866
3	68	-0.477	0.179
3	68	-0.477	-0.656
3	69	-0.193	-0.187
3	69	-0.193	-0.006
3	70	0.383	-0.024
3	70	0.383	0.407
4	7	0.456	0.278
4	7	0.456	0.206
4	7	0.456	-0.028
4	7	0.456	0.0
4	10	-0.237	-0.105
4	10	-0.237	0.164
4	10	-0.237	0.237
4	10	-0.237	-0.533
4	11	-0.67	-0.394
4	11	-0.67	-0.405
4	11	-0.67	0.738
4	11	-0.67	-0.609
4	13	-0.408	-0.301
4	13	-0.408	-0.387
4	13	-0.408	0.28
4	17	0.713	0.29
4	17	0.713	-0.259
4	17	0.713	0.455
4	17	0.713	0.227
4	20	-0.893	-0.252
4	20	-0.893	-0.464
4	20	-0.893	0.274
4	20	-0.893	-0.451
4	26	3.788	0.429
4	26	3.788	-0.053
4	26	3.788	1.177
4	26	3.788	2.235
4	30	0.986	0.356
4	30	0.986	0.154
4	30	0.986	0.365
4	30	0.986	0.111
4	31	-0.783	-0.171
4	31	-0.783	-0.111
4	31	-0.783	-0.501
4	32	-1.104	0.15
4	32	-1.104	-0.19
4	32	-1.104	-0.558
4	32	-1.104	-0.506
4	33	-0.686	0.324
4	33	-0.686	-0.088
4	33	-0.686	-0.249
4	33	-0.686	-0.673
4	37	0.416	-0.118
4	37	0.416	-0.211
4	37	0.416	-0.022
4	37	0.416	0.767
4	40	0.844	0.455
4	40	0.844	0.139
4	40	0.844	0.25
4	42	1.55	-0.099
4	42	1.55	0.885
4	42	1.55	0.432
4	42	1.55	0.332
4	45	0.913	0.237
4	45	0.913	-0.104
4	45	0.913	0.36
4	45	0.913	0.42
4	49	5.731	1.869
4	49	5.731	1.778
4	49	5.731	0.929
4	49	5.731	1.155
4	62	-0.574	0.159
4	62	-0.574	-0.231
4	62	-0.574	-0.067
4	62	-0.574	-0.435
4	66	2.348	0.647
4	66	2.348	0.607
4	66	2.348	1.094
4	68	0.225	0.302
4	68	0.225	-0.554
4	68	0.225	0.477
4	69	0.101	0.245
4	69	0.101	0.248
4	69	0.101	0.281
4	69	0.101	-0.673
4	70	-0.232	-0.253
4	70	-0.232	0.019
4	70	-0.232	0.002
5	18	-0.262	-0.38
5	18	-0.262	0.318
5	18	-0.262	-0.2
5	27	0.516	-0.269
5	27	0.516	0.785
5	28	-0.996	0.026
5	28	-0.996	-0.037
5	28	-0.996	-0.388
5	28	-0.996	-0.597
5	29	-0.435	-0.014
5	29	-0.435	-0.112
5	29	-0.435	-0.309
5	39	1.91	1.62
5	39	1.91	0.011
5	39	1.91	0.049
5	39	1.91	0.23
5	41	2.872	0.105
5	41	2.872	0.18
5	41	2.872	2.587
5	48	3.14	1.897
5	48	3.14	1.209
5	48	3.14	0.034
5	50	-1.056	-0.174
5	50	-1.056	-0.286
5	50	-1.056	-0.014
5	50	-1.056	-0.582
5	67	-1.547	0.145
5	67	-1.547	-0.604
5	67	-1.547	-0.57
5	67	-1.547	-0.518
6	9	-0.653	0.544
6	9	-0.653	-0.187
6	9	-0.653	-0.518
6	9	-0.653	-0.492
6	12	-0.394	-0.34
6	12	-0.394	0.002
6	12	-0.394	-0.056
6	18	-0.261	-0.261
6	19	-0.546	-0.368
6	19	-0.546	-0.281
6	19	-0.546	-0.15
6	19	-0.546	0.253
6	21	-0.671	-0.037
6	21	-0.671	-0.231
6	21	-0.671	0.161
6	21	-0.671	-0.564
6	22	0.2	0.059
6	22	0.2	-0.1
6	22	0.2	0.062
6	22	0.2	0.179
6	24	0.2	0.109
6	24	0.2	0.113
6	24	0.2	-0.022
6	27	-0.797	-0.167
6	27	-0.797	-0.63
6	28	-0.18	0.394
6	28	-0.18	0.089
6	28	-0.18	-0.663
6	29	0.628	0.161
6	29	0.628	0.467
6	38	0.649	-0.084
6	38	0.649	-0.047
6	38	0.649	0.407
6	38	0.649	0.373
6	39	2.057	1.333
6	39	2.057	0.603
6	39	2.057	0.121
6	41	1.834	0.459
6	41	1.834	0.774
6	41	1.834	0.601
6	43	-0.603	-0.17
6	43	-0.603	-0.396
6	43	-0.603	0.196
6	43	-0.603	-0.233
6	46	-0.639	0.069
6	46	-0.639	-0.384
6	46	-0.639	-0.172
6	46	-0.639	-0.152
6	47	3.355	0.654
6	47	3.355	0.803
6	47	3.355	0.622
6	47	3.355	1.276
6	48	-0.702	0.179
6	48	-0.702	-0.273
6	48	-0.702	-0.608
6	50	-0.728	0.033
6	50	-0.728	-0.108
6	50	-0.728	-0.653
6	53	-0.094	0.139
6	53	-0.094	0.123
6	53	-0.094	-0.113
6	53	-0.094	-0.243
6	54	0.254	0.376
6	54	0.254	0.222
6	54	0.254	-0.233
6	54	0.254	-0.111
6	55	0.373	0.143
6	55	0.373	0.292
6	55	0.373	0.037
6	55	0.373	-0.099
6	56	1.357	0.1
6	56	1.357	-0.163
6	56	1.357	0.994
6	56	1.357	0.426
6	57	-1.013	0.063
6	57	-1.013	-0.01
6	57	-1.013	-0.38
6	57	-1.013	-0.686
6	58	-0.989	-0.334
6	58	-0.989	-0.11
6	58	-0.989	-0.545
6	59	-1.4	-0.262
6	59	-1.4	-0.51
6	59	-1.4	-0.628
6	61	-0.974	0.137
6	61	-0.974	-0.183
6	61	-0.974	-0.264
6	61	-0.974	-0.664
6	67	0.434	-0.005
6	67	0.434	-0.139
6	67	0.434	0.578
7	12	-1.567	-0.396
7	12	-1.567	-0.444
7	12	-1.567	-0.289
7	12	-1.567	-0.438
7	18	-0.555	0.072
7	18	-0.555	-0.365
7	18	-0.555	-0.262
7	19	-0.745	-0.238
7	19	-0.745	-0.056
7	19	-0.745	-0.43
7	19	-0.745	-0.021
7	21	-1.533	-0.372
7	21	-1.533	-0.256
7	21	-1.533	-0.424
7	21	-1.533	-0.481
7	22	0.517	-0.244
7	22	0.517	0.583
7	22	0.517	0.214
7	22	0.517	-0.036
7	24	1.626	0.401
7	24	1.626	0.189
7	24	1.626	0.662
7	24	1.626	0.374
7	27	0.037	0.037
7	28	-0.454	0.243
7	28	-0.454	-0.598
7	28	-0.454	-0.099
7	29	-0.535	0.135
7	29	-0.535	-0.057
7	29	-0.535	-0.613
7	38	-0.184	-0.104
7	38	-0.184	0.476
7	38	-0.184	-0.108
7	38	-0.184	-0.448
7	39	-0.479	-0.103
7	39	-0.479	-0.157
7	39	-0.479	-0.219
7	41	1.333	0.575
7	41	1.333	1.244
7	41	1.333	-0.486
7	43	-0.878	-0.305
7	43	-0.878	0.19
7	43	-0.878	-0.344
7	43	-0.878	-0.419
7	46	3.863	1.127
7	46	3.863	-0.258
7	46	3.863	2.144
7	46	3.863	0.85
7	47	1.6	0.5
7	47	1.6	0.269
7	47	1.6	0.413
7	47	1.6	0.418
7	48	0.526	0.174
7	48	0.526	-0.062
7	48	0.526	0.414
7	50	-0.65	-0.243
7	50	-0.65	0.175
7	50	-0.65	-0.582
7	53	-0.038	-0.049
7	53	-0.038	0.411
7	53	-0.038	-0.169
7	53	-0.038	-0.231
7	54	-0.798	0.1
7	54	-0.798	0.201
7	54	-0.798	-0.535
7	54	-0.798	-0.564
7	55	-0.275	-0.25
7	55	-0.275	-0.231
7	55	-0.275	-0.156
7	55	-0.275	0.362
7	56	-0.351	-0.307
7	56	-0.351	-0.078
7	56	-0.351	0.034
7	57	-1.084	-0.267
7	57	-1.084	-0.24
7	57	-1.084	-0.376
7	57	-1.084	-0.201
7	58	-0.163	-0.131
7	58	-0.163	-0.158
7	58	-0.163	-0.598
7	58	-0.163	0.724
7	59	-1.833	-0.327
7	59	-1.833	-0.502
7	59	-1.833	-0.522
7	59	-1.833	-0.482
7	61	-0.697	-0.251
7	61	-0.697	0.027
7	61	-0.697	-0.043
7	61	-0.697	-0.43
7	67	0.144	0.013
7	67	0.144	0.245
7	67	0.144	-0.114
8	11	2.558	0.333
8	11	2.558	-0.134
8	11	2.558	0.195
8	11	2.558	2.164
8	13	0.348	-0.038
8	13	0.348	-0.329
8	13	0.348	0.232
8	13	0.348	0.483
8	17	1.223	0.437
8	17	1.223	-0.192
8	17	1.223	0.256
8	17	1.223	0.722
8	20	-1.498	-0.251
8	20	-1.498	-0.437
8	20	-1.498	-0.39
8	20	-1.498	-0.42
8	26	1.12	0.363
8	26	1.12	0.239
8	26	1.12	0.163
8	26	1.12	0.355
8	30	0.302	0.582
8	30	0.302	-0.019
8	30	0.302	-0.08
8	30	0.302	-0.181
8	31	-0.12	-0.382
8	31	-0.12	0.129
8	31	-0.12	0.133
8	32	-0.643	-0.395
8	32	-0.643	-0.144
8	32	-0.643	-0.104
8	33	-0.601	-0.031
8	33	-0.601	-0.012
8	33	-0.601	-0.066
8	33	-0.601	-0.492
8	37	-0.969	0.003
8	37	-0.969	-0.375
8	37	-0.969	-0.331
8	37	-0.969	-0.266
8	40	0.792	0.448
8	40	0.792	0.332
8	40	0.792	0.172
8	40	0.792	-0.16
8	42	1.133	0.575
8	42	1.133	0.418
8	42	1.133	0.117
8	42	1.133	0.023
8	45	-0.143	0.028
8	45	-0.143	-0.311
8	45	-0.143	0.313
8	45	-0.143	-0.173
8	49	-0.122	-0.376
8	49	-0.122	0.519
8	49	-0.122	0.213
8	49	-0.122	-0.478
8	62	-0.07	0.133
8	62	-0.07	0.088
8	62	-0.07	-0.184
8	62	-0.07	-0.107
8	66	1.663	0.576
8	66	1.663	-0.018
8	66	1.663	1.028
8	66	1.663	0.077
8	68	-0.007	0.047
8	68	-0.007	0.101
8	68	-0.007	0.39
8	68	-0.007	-0.545
8	69	0.15	0.41
8	69	0.15	-0.28
8	69	0.15	0.02
8	70	0.58	0.069
8	70	0.58	-0.01
8	70	0.58	0.098
8	70	0.58	0.423
9	13	-0.633	0.211
9	13	-0.633	-0.385
9	13	-0.633	-0.459
9	17	1.426	0.58
9	17	1.426	0.027
9	17	1.426	0.196
9	17	1.426	0.623
9	20	3.016	1.595
9	20	3.016	0.016
9	20	3.016	1.226
9	20	3.016	0.179
9	26	1.279	0.269
9	26	1.279	-0.234
9	26	1.279	0.301
9	26	1.279	0.943
9	30	-1.403	-0.548
9	30	-1.403	0.049
9	30	-1.403	-0.333
9	30	-1.403	-0.571
9	31	1.431	0.13
9	31	1.431	1.579
9	31	1.431	-0.278
9	32	0.471	-0.133
9	32	0.471	1.117
9	32	0.471	-0.198
9	32	0.471	-0.315
9	33	-0.379	-0.182
9	33	-0.379	0.951
9	33	-0.379	-0.563
9	33	-0.379	-0.585
9	37	-0.551	-0.174
9	37	-0.551	-0.012
9	37	-0.551	-0.251
9	37	-0.551	-0.114
9	40	-0.289	-0.145
9	40	-0.289	0.455
9	40	-0.289	-0.279
9	40	-0.289	-0.32
9	42	1.134	0.318
9	42	1.134	0.088
9	42	1.134	0.314
9	42	1.134	0.414
9	45	0.883	0.806
9	45	0.883	0.749
9	45	0.883	-0.33
9	45	0.883	-0.342
9	49	-0.548	0.417
9	49	-0.548	-0.331
9	49	-0.548	-0.307
9	49	-0.548	-0.327
9	62	-1.515	-0.196
9	62	-1.515	-0.144
9	62	-1.515	-0.572
9	62	-1.515	-0.603
9	66	0.187	-0.347
9	66	0.187	0.138
9	66	0.187	-0.109
9	66	0.187	0.505
9	68	-0.29	-0.153
9	68	-0.29	0.236
9	68	-0.29	-0.373
9	69	-1.16	-0.325
9	69	-1.16	-0.225
9	69	-1.16	-0.028
9	69	-1.16	-0.582
9	70	-1.005	-0.393
9	70	-1.005	-0.207
9	70	-1.005	-0.405
10	18	-0.029	0.131
10	18	-0.029	-0.16
10	19	3.521	1.77
10	19	3.521	1.136
10	19	3.521	0.304
10	19	3.521	0.311
10	21	-0.44	-0.256
10	21	-0.44	0.183
10	21	-0.44	0.16
10	21	-0.44	-0.527
10	22	-0.607	0.064
10	22	-0.607	-0.028
10	22	-0.607	-0.117
10	22	-0.607	-0.526
10	24	-0.898	-0.169
10	24	-0.898	-0.097
10	24	-0.898	-0.103
10	24	-0.898	-0.529
10	27	-0.706	-0.316
10	27	-0.706	-0.39
10	28	-1.201	-0.198
10	28	-1.201	-0.369
10	28	-1.201	-0.634
10	29	-1.351	-0.149
10	29	-1.351	-0.555
10	29	-1.351	-0.647
10	38	-1.271	-0.327
10	38	-1.271	-0.39
10	38	-1.271	-0.054
10	38	-1.271	-0.5
10	39	-1.046	0.023
10	39	-1.046	-0.471
10	39	-1.046	-0.598
10	41	-1.118	-0.211
10	41	-1.118	-0.367
10	41	-1.118	-0.54
10	43	-0.793	-0.266
10	43	-0.793	-0.061
10	43	-0.793	0.009
10	43	-0.793	-0.475
10	46	-0.4	-0.041
10	46	-0.4	-0.013
10	46	-0.4	0.169
10	46	-0.4	-0.515
10	47	0.462	0.264
10	47	0.462	-0.038
10	47	0.462	-0.095
10	47	0.462	0.331
10	48	0.029	0.265
10	48	0.029	-0.569
10	48	0.029	0.333
10	50	-0.732	-0.217
10	50	-0.732	-0.515
10	53	2.435	0.466
10	53	2.435	0.909
10	53	2.435	0.652
10	53	2.435	0.408
10	54	1.613	0.163
10	54	1.613	0.624
10	54	1.613	0.608
10	54	1.613	0.218
10	55	1.752	0.511
10	55	1.752	1.087
10	55	1.752	0.677
10	55	1.752	-0.523
10	56	-0.915	-0.359
10	56	-0.915	0.035
10	56	-0.915	-0.591
10	57	-2.054	-0.477
10	57	-2.054	-0.317
10	57	-2.054	-0.596
10	57	-2.054	-0.664
10	58	-1.018	-0.293
10	58	-1.018	-0.392
10	58	-1.018	-0.333
10	59	-1.437	-0.393
10	59	-1.437	-0.606
10	59	-1.437	-0.438
10	61	-1.25	-0.14
10	61	-1.25	-0.361
10	61	-1.25	-0.578
10	61	-1.25	-0.171
10	67	0.096	-0.063
10	67	0.096	0.771
10	67	0.096	-0.612
11	18	1.522	1.522
11	19	0.779	0.38
11	19	0.779	0.055
11	19	0.779	-0.451
11	19	0.779	0.795
11	21	-0.574	0.699
11	21	-0.574	0.025
11	21	-0.574	-0.666
11	21	-0.574	-0.632
11	22	-0.702	0.114
11	22	-0.702	-0.142
11	22	-0.702	-0.044
11	22	-0.702	-0.63
11	24	-0.358	0.531
11	24	-0.358	-0.135
11	24	-0.358	-0.634
11	24	-0.358	-0.12
11	27	-0.08	-0.08
11	28	-1.046	0.413
11	28	-1.046	-0.714
11	28	-1.046	-0.745
11	29	-0.717	0.006
11	29	-0.717	-0.723
11	38	-1.44	0.272
11	38	-1.44	-0.443
11	38	-1.44	-0.653
11	38	-1.44	-0.616
11	39	-1.28	-0.476
11	39	-1.28	-0.692
11	39	-1.28	-0.112
11	41	-0.722	-0.065
11	41	-0.722	-0.657
11	43	-0.811	0.492
11	43	-0.811	-0.639
11	43	-0.811	-0.064
11	43	-0.811	-0.6
11	46	-1.335	-0.259
11	46	-1.335	-0.409
11	46	-1.335	-0.667
11	47	-2.364	-0.57
11	47	-2.364	-0.465
11	47	-2.364	-0.682
11	47	-2.364	-0.647
11	48	-0.185	0.224
11	48	-0.185	-0.109
11	48	-0.185	-0.3
11	50	-0.272	-0.119
11	50	-0.272	-0.153
11	53	0.96	0.171
11	53	0.96	0.515
11	53	0.96	0.199
11	53	0.96	0.075
11	54	0.448	0.571
11	54	0.448	0.122
11	54	0.448	-0.245
11	55	0.937	0.408
11	55	0.937	0.475
11	55	0.937	0.054
11	56	0.781	0.459
11	56	0.781	0.322
11	57	0.581	0.366
11	57	0.581	0.219
11	57	0.581	-0.004
11	58	-0.592	0.333
11	58	-0.592	0.02
11	58	-0.592	-0.23
11	58	-0.592	-0.715
11	59	-1.229	0.226
11	59	-1.229	-0.693
11	59	-1.229	-0.762
11	61	-0.401	0.486
11	61	-0.401	-0.099
11	61	-0.401	-0.71
11	61	-0.401	-0.078
11	67	-0.45	0.287
11	67	-0.45	-0.737
12	17	3.593	0.847
12	17	3.593	1.308
12	17	3.593	0.524
12	17	3.593	0.914
12	20	-1.366	-0.295
12	20	-1.366	-0.179
12	20	-1.366	-0.438
12	20	-1.366	-0.454
12	26	-0.501	-0.052
12	26	-0.501	-0.138
12	26	-0.501	0.053
12	26	-0.501	-0.364
12	30	-1.845	-0.294
12	30	-1.845	-0.398
12	30	-1.845	-0.494
12	30	-1.845	-0.659
12	31	-0.654	-0.509
12	31	-0.654	-0.468
12	31	-0.654	0.323
12	32	-0.87	-0.612
12	32	-0.87	-0.133
12	32	-0.87	0.371
12	32	-0.87	-0.496
12	33	-0.686	-0.438
12	33	-0.686	-0.248
12	37	-0.877	-0.333
12	37	-0.877	-0.071
12	37	-0.877	-0.333
12	37	-0.877	-0.14
12	40	-0.662	-0.251
12	40	-0.662	0.081
12	40	-0.662	-0.492
12	42	1.114	-0.131
12	42	1.114	-0.086
12	42	1.114	0.449
12	42	1.114	0.882
12	45	1.233	-0.53
12	45	1.233	0.25
12	45	1.233	0.402
12	45	1.233	1.111
12	49	-1.924	-0.399
12	49	-1.924	-0.509
12	49	-1.924	-0.52
12	49	-1.924	-0.496
12	62	-0.247	0.028
12	62	-0.247	0.012
12	62	-0.247	-0.033
12	62	-0.247	-0.254
12	66	-1.351	0.023
12	66	-1.351	-0.598
12	66	-1.351	-0.119
12	66	-1.351	-0.657
12	68	-0.993	-0.43
12	68	-0.993	-0.017
12	68	-0.993	-0.546
12	69	-0.338	-0.022
12	69	-0.338	0.323
12	69	-0.338	-0.639
12	70	-1.004	-0.18
12	70	-1.004	-0.4
12	70	-1.004	-0.424
13	18	0.021	0.021
13	19	-0.213	-0.204
13	19	-0.213	-0.078
13	19	-0.213	0.166
13	19	-0.213	-0.097
13	21	-0.846	-0.097
13	21	-0.846	-0.126
13	21	-0.846	0.014
13	21	-0.846	-0.637
13	22	-1.126	-0.046
13	22	-1.126	-0.063
13	22	-1.126	-0.381
13	22	-1.126	-0.636
13	24	-1.998	-0.349
13	24	-1.998	-0.407
13	24	-1.998	-0.639
13	24	-1.998	-0.603
13	27	-0.354	0.285
13	27	-0.354	-0.639
13	28	1.149	0.324
13	28	1.149	0.697
13	28	1.149	0.128
13	29	0.767	0.637
13	29	0.767	0.13
13	38	-1.652	-0.561
13	38	-1.652	-0.507
13	38	-1.652	-0.584
13	39	-0.568	-0.351
13	39	-0.568	-0.217
13	41	-1.147	-0.485
13	41	-1.147	-0.662
13	43	-1.656	-0.16
13	43	-1.656	-0.564
13	43	-1.656	-0.606
13	43	-1.656	-0.326
13	46	-1.203	0.464
13	46	-1.203	-0.439
13	46	-1.203	-0.597
13	46	-1.203	-0.631
13	47	-1.226	-0.129
13	47	-1.226	-0.2
13	47	-1.226	-0.245
13	47	-1.226	-0.652
13	48	-0.779	-0.575
13	48	-0.779	-0.204
13	50	-0.137	-0.046
13	50	-0.137	-0.098
13	50	-0.137	0.007
13	53	-1.567	-0.135
13	53	-1.567	-0.598
13	53	-1.567	-0.203
13	53	-1.567	-0.631
13	54	-0.499	-0.291
13	54	-0.499	0.097
13	54	-0.499	-0.383
13	54	-0.499	0.078
13	55	-0.284	0.011
13	55	-0.284	0.131
13	55	-0.284	-0.426
13	56	-1.742	-0.298
13	56	-1.742	-0.001
13	56	-1.742	-0.715
13	56	-1.742	-0.728
13	57	0.452	-0.089
13	57	0.452	0.379
13	57	0.452	0.271
13	57	0.452	-0.109
13	58	-0.937	-0.062
13	58	-0.937	-0.046
13	58	-0.937	-0.718
13	58	-0.937	-0.111
13	59	-1.322	-0.007
13	59	-1.322	-0.014
13	59	-1.322	-0.638
13	59	-1.322	-0.663
13	61	-0.382	-0.013
13	61	-0.382	-0.02
13	61	-0.382	-0.265
13	61	-0.382	-0.084
13	67	-0.613	0.093
13	67	-0.613	-0.706
14	18	-1.05	-0.009
14	18	-1.05	0.239
14	18	-1.05	-0.632
14	18	-1.05	-0.648
14	27	0.722	0.372
14	27	0.722	0.123
14	27	0.722	0.227
14	28	1.953	0.609
14	28	1.953	0.733
14	28	1.953	0.611
14	29	0.693	0.069
14	29	0.693	0.437
14	29	0.693	0.187
14	39	-0.66	-0.434
14	39	-0.66	-0.014
14	39	-0.66	-0.212
14	41	-0.252	0.078
14	41	-0.252	-0.407
14	41	-0.252	0.077
14	48	-1.372	-0.288
14	48	-1.372	-0.55
14	48	-1.372	-0.534
14	50	0.021	-0.048
14	50	0.021	0.062
14	50	0.021	0.007
14	67	-0.376	0.429
14	67	-0.376	-0.001
14	67	-0.376	-0.069
14	67	-0.376	-0.735
15	18	-0.561	0.209
15	18	-0.561	-0.181
15	18	-0.561	-0.589
15	27	-0.74	-0.022
15	27	-0.74	-0.06
15	27	-0.74	-0.658
15	28	1.041	0.393
15	28	1.041	0.491
15	28	1.041	-0.01
15	28	1.041	0.167
15	29	1.011	0.272
15	29	1.011	0.394
15	29	1.011	0.345
15	39	-1.445	-0.131
15	39	-1.445	-0.541
15	39	-1.445	-0.084
15	39	-1.445	-0.689
15	41	-0.667	-0.378
15	41	-0.667	-0.073
15	41	-0.667	-0.216
15	48	-1.146	-0.105
15	48	-1.146	-0.501
15	48	-1.146	-0.54
15	50	-0.237	0.028
15	50	-0.237	0.17
15	50	-0.237	0.27
15	50	-0.237	-0.705
15	67	-0.214	0.185
15	67	-0.214	-0.082
15	67	-0.214	0.382
15	67	-0.214	-0.699
16	27	-0.558	-0.291
16	27	-0.558	0.227
16	27	-0.558	-0.494
16	28	1.917	0.42
16	28	1.917	0.525
16	28	1.917	0.168
16	28	1.917	0.804
16	29	1.617	0.411
16	29	1.617	0.287
16	29	1.617	0.343
16	29	1.617	0.576
16	39	-1.858	-0.138
16	39	-1.858	-0.548
16	39	-1.858	-0.452
16	39	-1.858	-0.72
16	41	-0.68	-0.297
16	41	-0.68	0.099
16	41	-0.68	-0.427
16	41	-0.68	-0.055
16	48	-2.03	-0.414
16	48	-2.03	-0.396
16	48	-2.03	-0.515
16	48	-2.03	-0.705
16	50	0.396	-0.337
16	50	0.396	0.043
16	50	0.396	0.69
16	67	0.422	0.14
16	67	0.422	0.057
16	67	0.422	-0.132
16	67	0.422	0.357
17	21	0.184	0.598
17	21	0.184	0.099
17	21	0.184	-0.291
17	21	0.184	-0.222
17	22	0.845	0.783
17	22	0.845	0.08
17	22	0.845	0.094
17	22	0.845	-0.112
17	24	0.049	-0.104
17	24	0.049	0.071
17	24	0.049	0.033
17	24	0.049	0.049
17	27	-0.799	-0.232
17	27	-0.799	-0.567
17	28	-0.972	-0.17
17	28	-0.972	-0.448
17	28	-0.972	-0.354
17	29	-0.795	-0.18
17	29	-0.795	-0.381
17	29	-0.795	-0.234
17	38	-0.585	0.178
17	38	-0.585	-0.098
17	38	-0.585	-0.203
17	38	-0.585	-0.462
17	39	-1.159	-0.44
17	39	-1.159	-0.141
17	39	-1.159	-0.578
17	41	3.222	0.655
17	41	3.222	0.511
17	41	3.222	2.056
17	43	1.454	0.079
17	43	1.454	0.345
17	43	1.454	0.96
17	43	1.454	0.07
17	46	-0.7	0.327
17	46	-0.7	-0.247
17	46	-0.7	-0.481
17	46	-0.7	-0.299
17	47	0.515	0.343
17	47	0.515	0.546
17	47	0.515	-0.474
17	47	0.515	0.1
17	48	0.046	0.131
17	48	0.046	-0.29
17	48	0.046	0.205
17	50	0.073	-0.186
17	50	0.073	-0.062
17	50	0.073	0.321
17	53	-0.132	0.424
17	53	-0.132	-0.484
17	53	-0.132	-0.018
17	53	-0.132	-0.054
17	54	-0.783	0.342
17	54	-0.783	-0.554
17	54	-0.783	-0.399
17	54	-0.783	-0.172
17	55	-0.551	0.059
17	55	-0.551	-0.371
17	55	-0.551	-0.188
17	55	-0.551	-0.051
17	56	0.16	-0.037
17	56	0.16	-0.009
17	56	0.16	0.254
17	56	0.16	-0.048
17	57	-1.925	-0.323
17	57	-1.925	-0.402
17	57	-1.925	-0.542
17	57	-1.925	-0.658
17	58	-1.464	-0.097
17	58	-1.464	-0.073
17	58	-1.464	-0.638
17	58	-1.464	-0.656
17	59	-0.738	0.256
17	59	-0.738	-0.417
17	59	-0.738	-0.577
17	61	0.076	0.35
17	61	0.076	-0.107
17	61	0.076	0.162
17	61	0.076	-0.329
17	67	-0.338	-0.298
17	67	-0.338	0.56
17	67	-0.338	-0.6
18	23	-0.206	0.32
18	23	-0.206	-0.317
18	23	-0.206	-0.209
18	25	-0.241	0.057
18	25	-0.241	0.065
18	25	-0.241	-0.363
18	26	1.387	0.328
18	26	1.387	-0.441
18	26	1.387	1.5
18	30	-0.438	-0.176
18	30	-0.438	-0.262
18	31	-0.326	-0.326
18	32	-0.612	-0.612
18	33	-0.489	-0.489
18	34	0.197	0.502
18	34	0.197	0.243
18	34	0.197	-0.548
18	35	-0.46	0.18
18	35	-0.46	-0.175
18	35	-0.46	-0.465
18	36	-0.724	-0.202
18	36	-0.724	-0.089
18	36	-0.724	-0.433
18	37	-0.599	-0.051
18	37	-0.599	-0.548
18	40	-0.96	-0.064
18	40	-0.96	-0.545
18	40	-0.96	-0.351
18	42	-0.326	0.057
18	42	-0.326	-0.383
18	44	-0.078	0.297
18	44	-0.078	0.108
18	44	-0.078	-0.483
18	45	-1.337	-0.343
18	45	-1.337	-0.474
18	45	-1.337	-0.52
18	49	-0.469	-0.112
18	49	-0.469	-0.357
18	51	-0.187	0.273
18	51	-0.187	0.066
18	51	-0.187	-0.526
18	52	0.348	-0.24
18	52	0.348	0.364
18	52	0.348	0.224
18	60	0.3	-0.328
18	60	0.3	0.628
18	62	0.111	0.111
18	63	-0.206	0.111
18	63	-0.206	0.254
18	63	-0.206	-0.571
18	64	-0.782	-0.032
18	64	-0.782	-0.185
18	64	-0.782	-0.565
18	65	-0.274	0.121
18	65	-0.274	0.178
18	65	-0.274	-0.573
18	66	-0.53	0.049
18	66	-0.53	-0.579
18	68	-0.604	-0.604
18	69	-0.402	0.14
18	69	-0.402	-0.542
18	70	0.036	0.036
19	26	-0.4	-0.186
19	26	-0.4	-0.201
19	26	-0.4	-0.036
19	26	-0.4	0.023
19	30	-0.313	-0.19
19	30	-0.313	-0.195
19	30	-0.313	-0.004
19	30	-0.313	0.076
19	31	-0.802	-0.52
19	31	-0.802	0.194
19	31	-0.802	-0.476
19	32	-2.051	-0.548
19	32	-2.051	-0.481
19	32	-2.051	-0.539
19	32	-2.051	-0.483
19	33	-1.706	-0.431
19	33	-1.706	-0.62
19	33	-1.706	-0.655
19	37	-0.853	-0.498
19	37	-0.853	-0.291
19	37	-0.853	-0.181
19	37	-0.853	0.117
19	40	-0.785	-0.177
19	40	-0.785	0.327
19	40	-0.785	-0.433
19	40	-0.785	-0.502
19	42	0.151	-0.171
19	42	0.151	-0.036
19	42	0.151	0.09
19	42	0.151	0.268
19	45	-0.38	-0.475
19	45	-0.38	-0.042
19	45	-0.38	0.333
19	45	-0.38	-0.196
19	49	-0.73	-0.299
19	49	-0.73	-0.496
19	49	-0.73	-0.437
19	49	-0.73	0.502
19	62	-0.674	0.0
19	62	-0.674	-0.064
19	62	-0.674	-0.272
19	62	-0.674	-0.338
19	66	-1.49	-0.113
19	66	-1.49	-0.608
19	66	-1.49	-0.119
19	66	-1.49	-0.65
19	68	-1.424	-0.422
19	68	-1.424	-0.468
19	68	-1.424	-0.534
19	69	-1.046	0.057
19	69	-1.046	-0.196
19	69	-1.046	-0.244
19	69	-1.046	-0.663
19	70	-1.009	-0.33
19	70	-1.009	-0.299
19	70	-1.009	-0.38
20	24	-1.092	-0.211
20	24	-1.092	-0.346
20	24	-1.092	-0.211
20	24	-1.092	-0.324
20	27	-0.813	-0.462
20	27	-0.813	-0.351
20	28	-1.606	-0.557
20	28	-1.606	-0.54
20	28	-1.606	-0.509
20	29	-1.42	-0.329
20	29	-1.42	-0.559
20	29	-1.42	-0.532
20	38	-1.343	-0.32
20	38	-1.343	-0.361
20	38	-1.343	-0.291
20	38	-1.343	-0.371
20	39	-1.1	-0.177
20	39	-1.1	-0.44
20	39	-1.1	-0.483
20	41	-0.812	-0.094
20	41	-0.812	-0.324
20	41	-0.812	-0.394
20	43	-0.969	-0.361
20	43	-0.969	-0.333
20	43	-0.969	-0.033
20	43	-0.969	-0.242
20	46	-0.78	0.238
20	46	-0.78	-0.39
20	46	-0.78	-0.308
20	46	-0.78	-0.32
20	47	-0.733	0.121
20	47	-0.733	-0.036
20	47	-0.733	-0.437
20	47	-0.733	-0.381
20	48	1.007	0.964
20	48	1.007	-0.438
20	48	1.007	0.481
20	50	-1.324	-0.316
20	50	-1.324	-0.488
20	50	-1.324	-0.52
20	53	-0.825	0.33
20	53	-0.825	-0.39
20	53	-0.825	-0.443
20	53	-0.825	-0.322
20	54	-1.03	0.061
20	54	-1.03	-0.101
20	54	-1.03	-0.512
20	54	-1.03	-0.478
20	55	0.398	0.024
20	55	0.398	-0.027
20	55	0.398	0.737
20	55	0.398	-0.336
20	56	-1.611	-0.475
20	56	-1.611	-0.541
20	56	-1.611	-0.595
20	57	-2.206	-0.527
20	57	-2.206	-0.498
20	57	-2.206	-0.599
20	57	-2.206	-0.582
20	58	-1.766	-0.429
20	58	-1.766	-0.207
20	58	-1.766	-0.555
20	58	-1.766	-0.575
20	59	-1.366	-0.314
20	59	-1.366	-0.591
20	59	-1.366	-0.461
20	61	-1.189	-0.331
20	61	-1.189	-0.292
20	61	-1.189	-0.566
20	67	-1.046	-0.572
20	67	-1.046	-0.474
21	26	-0.295	0.255
21	26	-0.295	-0.226
21	26	-0.295	-0.136
21	26	-0.295	-0.188
21	30	-0.309	0.399
21	30	-0.309	-0.34
21	30	-0.309	-0.087
21	30	-0.309	-0.281
21	31	-1.506	-0.487
21	31	-1.506	-0.551
21	31	-1.506	-0.468
21	32	-1.626	-0.494
21	32	-1.626	-0.6
21	32	-1.626	-0.532
21	33	-0.937	0.082
21	33	-0.937	-0.369
21	33	-0.937	-0.65
21	37	-0.492	0.124
21	37	-0.492	0.364
21	37	-0.492	-0.332
21	37	-0.492	-0.648
21	40	1.122	0.591
21	40	1.122	0.212
21	40	1.122	-0.571
21	40	1.122	0.89
21	42	0.386	0.599
21	42	0.386	-0.392
21	42	0.386	0.179
21	45	-0.883	-0.096
21	45	-0.883	-0.397
21	45	-0.883	-0.283
21	45	-0.883	-0.107
21	49	-1.045	-0.301
21	49	-1.045	0.33
21	49	-1.045	-0.574
21	49	-1.045	-0.5
21	62	0.256	-0.027
21	62	0.256	-0.059
21	62	0.256	0.558
21	62	0.256	-0.216
21	66	0.55	0.37
21	66	0.55	0.009
21	66	0.55	0.093
21	66	0.55	0.078
21	68	0.515	-0.118
21	68	0.515	0.633
21	69	0.018	0.354
21	69	0.018	-0.308
21	69	0.018	-0.028
21	70	0.26	0.176
21	70	0.26	-0.035
21	70	0.26	0.119
22	26	-0.344	-0.369
22	26	-0.344	-0.077
22	26	-0.344	0.187
22	26	-0.344	-0.085
22	30	0.052	-0.354
22	30	0.052	-0.221
22	30	0.052	0.055
22	30	0.052	0.572
22	31	-0.551	-0.477
22	31	-0.551	0.206
22	31	-0.551	-0.28
22	32	-0.378	-0.217
22	32	-0.378	-0.317
22	32	-0.378	0.156
22	33	-0.855	-0.024
22	33	-0.855	-0.464
22	33	-0.855	-0.367
22	37	-0.538	-0.051
22	37	-0.538	-0.304
22	37	-0.538	-0.086
22	37	-0.538	-0.097
22	40	0.847	-0.325
22	40	0.847	0.036
22	40	0.847	0.635
22	40	0.847	0.501
22	42	5.392	1.731
22	42	5.392	1.664
22	42	5.392	0.708
22	42	5.392	1.289
22	45	-0.053	-0.5
22	45	-0.053	-0.256
22	45	-0.053	0.426
22	45	-0.053	0.277
22	49	0.798	0.064
22	49	0.798	0.366
22	49	0.798	0.105
22	49	0.798	0.263
22	62	-0.488	-0.069
22	62	-0.488	0.391
22	62	-0.488	-0.138
22	62	-0.488	-0.672
22	66	2.314	0.285
22	66	2.314	-0.038
22	66	2.314	1.22
22	66	2.314	0.847
22	68	0.126	-0.315
22	68	0.126	-0.011
22	68	0.126	0.452
22	69	-0.172	0.044
22	69	-0.172	-0.4
22	69	-0.172	0.184
22	70	0.107	0.346
22	70	0.107	-0.236
22	70	0.107	0.195
22	70	0.107	-0.198
23	27	-0.889	-0.1
23	27	-0.889	-0.372
23	27	-0.889	-0.417
23	28	-0.265	-0.192
23	28	-0.265	-0.267
23	28	-0.265	0.194
23	29	0.86	0.477
23	29	0.86	-0.055
23	29	0.86	0.438
23	39	2.144	0.235
23	39	2.144	0.111
23	39	2.144	0.548
23	39	2.144	1.25
23	41	2.873	0.872
23	41	2.873	1.374
23	41	2.873	0.627
23	48	1.143	-0.067
23	48	1.143	-0.228
23	48	1.143	1.438
23	50	0.057	-0.14
23	50	0.057	0.404
23	50	0.057	-0.207
23	67	-0.362	-0.077
23	67	-0.362	0.256
23	67	-0.362	-0.019
23	67	-0.362	-0.522
24	30	-0.548	0.083
24	30	-0.548	-0.11
24	30	-0.548	-0.116
24	30	-0.548	-0.405
24	31	0.787	-0.099
24	31	0.787	0.058
24	31	0.787	0.154
24	31	0.787	0.674
24	32	-1.312	-0.293
24	32	-1.312	-0.534
24	32	-1.312	-0.485
24	33	-0.239	0.594
24	33	-0.239	-0.286
24	33	-0.239	-0.226
24	33	-0.239	-0.321
24	37	-0.84	0.123
24	37	-0.84	-0.261
24	37	-0.84	-0.316
24	37	-0.84	-0.386
24	40	5.708	1.342
24	40	5.708	1.128
24	40	5.708	1.513
24	40	5.708	1.725
24	42	0.15	-0.197
24	42	0.15	0.002
24	42	0.15	0.034
24	42	0.15	0.311
24	45	1.004	0.328
24	45	1.004	0.092
24	45	1.004	-0.249
24	45	1.004	0.833
24	49	3.068	0.518
24	49	3.068	0.781
24	49	3.068	0.646
24	49	3.068	1.123
24	62	-0.402	-0.108
24	62	-0.402	-0.044
24	62	-0.402	-0.162
24	62	-0.402	-0.088
24	66	-1.048	-0.22
24	66	-1.048	-0.437
24	66	-1.048	-0.069
24	66	-1.048	-0.322
24	68	-1.522	-0.521
24	68	-1.522	-0.529
24	68	-1.522	-0.472
24	69	0.329	-0.21
24	69	0.329	-0.143
24	69	0.329	0.27
24	69	0.329	0.412
24	70	-0.284	-0.043
24	70	-0.284	-0.199
24	70	-0.284	-0.042
25	28	0.239	-0.106
25	28	0.239	0.731
25	28	0.239	-0.386
25	29	-0.428	0.274
25	29	-0.428	0.26
25	29	-0.428	-0.393
25	29	-0.428	-0.569
25	39	6.995	1.907
25	39	6.995	1.031
25	39	6.995	0.12
25	39	6.995	3.937
25	41	0.569	0.072
25	41	0.569	0.335
25	41	0.569	0.574
25	41	0.569	-0.412
25	48	-0.761	0.441
25	48	-0.761	-0.471
25	48	-0.761	-0.277
25	48	-0.761	-0.454
25	50	-0.139	-0.015
25	50	-0.139	0.313
25	50	-0.139	0.095
25	50	-0.139	-0.532
25	67	-0.89	-0.69
25	67	-0.89	0.433
25	67	-0.89	-0.633
26	29	-0.742	-0.091
26	29	-0.742	-0.384
26	29	-0.742	-0.267
26	38	3.676	1.418
26	38	3.676	1.069
26	38	3.676	0.493
26	38	3.676	0.696
26	39	-0.537	-0.367
26	39	-0.537	0.042
26	39	-0.537	-0.212
26	41	1.688	0.058
26	41	1.688	0.87
26	41	1.688	0.76
26	43	0.93	-0.01
26	43	0.93	-0.054
26	43	0.93	0.136
26	43	0.93	0.858
26	46	-0.227	0.362
26	46	-0.227	-0.429
26	46	-0.227	0.051
26	46	-0.227	-0.211
26	47	0.668	-0.233
26	47	0.668	0.558
26	47	0.668	0.255
26	47	0.668	0.088
26	48	0.435	0.723
26	48	0.435	0.028
26	48	0.435	-0.316
26	50	0.254	-0.014
26	50	0.254	0.138
26	50	0.254	0.13
26	53	0.099	-0.38
26	53	0.099	0.187
26	53	0.099	0.236
26	53	0.099	0.056
26	54	-1.01	-0.354
26	54	-1.01	-0.319
26	54	-1.01	-0.087
26	54	-1.01	-0.25
26	55	1.234	-0.375
26	55	1.234	-0.165
26	55	1.234	0.212
26	55	1.234	1.562
26	56	-1.302	-0.272
26	56	-1.302	-0.291
26	56	-1.302	-0.632
26	56	-1.302	-0.107
26	57	-1.168	-0.345
26	57	-1.168	-0.315
26	57	-1.168	-0.146
26	57	-1.168	-0.362
26	58	-0.359	-0.087
26	58	-0.359	0.007
26	58	-0.359	-0.186
26	58	-0.359	-0.093
26	59	-1.673	-0.295
26	59	-1.673	-0.27
26	59	-1.673	-0.602
26	59	-1.673	-0.506
26	61	-1.334	-0.383
26	61	-1.334	-0.138
26	61	-1.334	-0.191
26	61	-1.334	-0.622
26	67	-0.982	0.219
26	67	-0.982	-0.638
26	67	-0.982	-0.563
27	30	-0.255	0.132
27	30	-0.255	-0.387
27	31	-0.458	-0.458
27	32	-1.044	-0.363
27	32	-1.044	-0.148
27	32	-1.044	-0.533
27	33	0.393	0.393
27	34	-0.267	0.235
27	34	-0.267	0.132
27	34	-0.267	-0.634
27	35	0.859	0.622
27	35	0.859	-0.212
27	35	0.859	0.449
27	36	0.158	-0.199
27	36	0.158	0.357
27	37	0.161	0.255
27	37	0.161	-0.094
27	40	-1.395	-0.184
27	40	-1.395	-0.656
27	40	-1.395	-0.555
27	42	0.235	-0.134
27	42	0.235	0.369
27	44	0.7	0.401
27	44	0.7	0.102
27	44	0.7	0.197
27	45	-1.298	-0.035
27	45	-1.298	-0.623
27	45	-1.298	-0.64
27	49	0.309	-0.172
27	49	0.309	0.481
27	51	-0.71	0.7
27	51	-0.71	-0.1
27	51	-0.71	-0.67
27	51	-0.71	-0.64
27	52	0.51	0.648
27	52	0.51	-0.498
27	52	0.51	0.36
27	60	-0.496	-0.466
27	60	-0.496	-0.179
27	60	-0.496	0.149
27	62	0.067	-0.115
27	62	0.067	0.182
27	63	0.451	0.204
27	63	0.451	0.068
27	63	0.451	0.179
27	64	-0.422	-0.035
27	64	-0.422	-0.112
27	64	-0.422	0.02
27	64	-0.422	-0.295
27	65	0.549	0.028
27	65	0.549	-0.028
27	65	0.549	-0.113
27	65	0.549	0.662
27	66	-1.007	-0.364
27	66	-1.007	-0.643
27	68	-0.12	-0.12
27	69	-0.396	-0.256
27	69	-0.396	-0.14
27	70	-0.666	0.074
27	70	-0.666	-0.74
28	31	-1.914	-0.574
28	31	-1.914	-0.655
28	31	-1.914	-0.685
28	32	-0.351	0.336
28	32	-0.351	-0.687
28	33	-0.346	0.052
28	33	-0.346	-0.398
28	34	-0.428	0.349
28	34	-0.428	0.326
28	34	-0.428	-0.379
28	34	-0.428	-0.724
28	35	0.43	0.313
28	35	0.43	0.247
28	35	0.43	-0.074
28	35	0.43	-0.056
28	36	0.248	0.28
28	36	0.248	0.118
28	36	0.248	-0.197
28	36	0.248	0.047
28	37	2.369	0.521
28	37	2.369	0.987
28	37	2.369	0.861
28	40	-1.674	-0.277
28	40	-1.674	-0.728
28	40	-1.674	-0.669
28	42	-0.987	0.142
28	42	-0.987	-0.664
28	42	-0.987	-0.465
28	44	0.934	-0.107
28	44	0.934	0.64
28	44	0.934	0.401
28	45	-1.284	-0.296
28	45	-1.284	-0.567
28	45	-1.284	-0.421
28	49	-1.558	-0.535
28	49	-1.558	-0.351
28	49	-1.558	-0.672
28	51	-1.058	0.227
28	51	-1.058	-0.178
28	51	-1.058	-0.378
28	51	-1.058	-0.729
28	52	0.238	0.169
28	52	0.238	-0.085
28	52	0.238	0.137
28	52	0.238	0.017
28	60	-0.538	0.176
28	60	-0.538	0.202
28	60	-0.538	-0.763
28	60	-0.538	-0.153
28	62	-0.296	0.144
28	62	-0.296	-0.312
28	62	-0.296	-0.128
28	63	0.382	0.213
28	63	0.382	0.231
28	63	0.382	-0.062
28	64	0.027	0.227
28	64	0.027	0.344
28	64	0.027	-0.138
28	64	0.027	-0.406
28	65	-0.13	0.096
28	65	-0.13	0.251
28	65	-0.13	-0.124
28	65	-0.13	-0.353
28	66	-0.939	-0.214
28	66	-0.939	-0.725
28	68	-0.331	-0.331
28	69	-0.504	-0.095
28	69	-0.504	-0.409
28	70	0.338	0.202
28	70	0.338	0.136
29	32	0.144	0.131
29	32	0.144	0.013
29	33	0.88	0.229
29	33	0.88	0.651
29	34	0.325	0.149
29	34	0.325	0.35
29	34	0.325	-0.174
29	35	0.277	0.373
29	35	0.277	0.062
29	35	0.277	-0.158
29	36	-0.925	-0.361
29	36	-0.925	0.13
29	36	-0.925	-0.329
29	36	-0.925	-0.365
29	37	0.612	0.442
29	37	0.612	0.055
29	37	0.612	0.115
29	40	-1.397	-0.182
29	40	-1.397	-0.529
29	40	-1.397	-0.686
29	42	-1.598	-0.226
29	42	-1.598	-0.692
29	42	-1.598	-0.68
29	44	-0.287	0.136
29	44	-0.287	0.097
29	44	-0.287	-0.141
29	44	-0.287	-0.379
29	45	0.139	0.066
29	45	0.139	-0.201
29	45	0.139	0.274
29	49	-1.661	-0.557
29	49	-1.661	-0.416
29	49	-1.661	-0.688
29	51	-0.06	0.054
29	51	-0.06	0.104
29	51	-0.06	-0.218
29	52	1.336	-0.358
29	52	1.336	0.109
29	52	1.336	0.885
29	52	1.336	0.7
29	60	0.51	0.532
29	60	0.51	0.277
29	60	0.51	-0.299
29	62	0.086	0.166
29	62	0.086	-0.08
29	63	0.729	0.12
29	63	0.729	0.433
29	63	0.729	0.176
29	64	0.623	0.245
29	64	0.623	0.305
29	64	0.623	0.387
29	64	0.623	-0.314
29	65	2.131	0.361
29	65	2.131	0.242
29	65	2.131	0.328
29	65	2.131	1.2
29	66	-0.742	-0.096
29	66	-0.742	0.09
29	66	-0.742	-0.736
29	68	-0.927	-0.227
29	68	-0.927	-0.7
29	69	-0.062	0.347
29	69	-0.062	-0.409
29	70	-0.094	-0.094
30	38	1.601	0.207
30	38	1.601	0.578
30	38	1.601	0.664
30	38	1.601	0.152
30	39	0.615	0.519
30	39	0.615	0.096
30	41	-0.192	-0.071
30	41	-0.192	-0.121
30	43	-1.368	-0.069
30	43	-1.368	-0.158
30	43	-1.368	-0.473
30	43	-1.368	-0.668
30	46	-0.997	0.203
30	46	-0.997	-0.477
30	46	-0.997	-0.036
30	46	-0.997	-0.687
30	47	0.693	0.266
30	47	0.693	-0.156
30	47	0.693	0.263
30	47	0.693	0.32
30	48	-1.582	-0.623
30	48	-1.582	-0.515
30	48	-1.582	-0.444
30	50	0.132	0.043
30	50	0.132	0.089
30	53	0.188	0.671
30	53	0.188	-0.366
30	53	0.188	0.352
30	53	0.188	-0.469
30	54	0.068	0.174
30	54	0.068	0.088
30	54	0.068	0.079
30	54	0.068	-0.273
30	55	0.459	0.437
30	55	0.459	-0.256
30	55	0.459	-0.018
30	55	0.459	0.296
30	56	1.056	0.431
30	56	1.056	0.27
30	56	1.056	0.355
30	57	1.215	0.373
30	57	1.215	0.089
30	57	1.215	0.265
30	57	1.215	0.488
30	58	0.849	0.712
30	58	0.849	0.308
30	58	0.849	-0.496
30	58	0.849	0.325
30	59	0.265	0.087
30	59	0.265	0.487
30	59	0.265	-0.309
30	61	1.264	0.172
30	61	1.264	0.429
30	61	1.264	0.43
30	61	1.264	0.233
30	67	0.061	0.164
30	67	0.061	-0.006
30	67	0.061	-0.097
31	38	-0.956	-0.108
31	38	-0.956	-0.452
31	38	-0.956	-0.396
31	38	-0.956	0.0
31	39	1.114	0.196
31	39	1.114	0.918
31	41	-0.385	0.05
31	41	-0.385	-0.435
31	43	-1.528	-0.478
31	43	-1.528	-0.359
31	43	-1.528	-0.167
31	43	-1.528	-0.524
31	46	-1.266	0.123
31	46	-1.266	-0.419
31	46	-1.266	-0.412
31	46	-1.266	-0.558
31	47	1.353	0.554
31	47	1.353	-0.201
31	47	1.353	1.0
31	48	2.222	0.566
31	48	2.222	1.656
31	50	-0.801	-0.243
31	50	-0.801	-0.558
31	53	1.912	1.398
31	53	1.912	-0.275
31	53	1.912	1.193
31	53	1.912	-0.404
31	54	2.884	1.423
31	54	2.884	1.039
31	54	2.884	0.098
31	54	2.884	0.324
31	55	3.411	1.214
31	55	3.411	2.629
31	55	3.411	-0.432
31	56	1.477	1.08
31	56	1.477	0.397
31	57	-1.276	-0.521
31	57	-1.276	-0.422
31	57	-1.276	-0.251
31	57	-1.276	-0.082
31	58	-0.541	-0.006
31	58	-0.541	0.069
31	58	-0.541	-0.604
31	59	-0.741	-0.106
31	59	-0.741	-0.635
31	61	-1.73	-0.423
31	61	-1.73	-0.612
31	61	-1.73	-0.667
31	61	-1.73	-0.028
31	67	1.603	0.517
31	67	1.603	0.606
31	67	1.603	0.48
32	38	-0.651	-0.272
32	38	-0.651	-0.438
32	38	-0.651	0.059
32	39	-0.292	-0.288
32	39	-0.292	-0.004
32	41	-1.007	-0.456
32	41	-1.007	-0.551
32	43	-1.105	-0.482
32	43	-1.105	-0.481
32	43	-1.105	-0.142
32	46	-1.244	0.067
32	46	-1.244	-0.332
32	46	-1.244	-0.524
32	46	-1.244	-0.455
32	47	0.219	0.218
32	47	0.219	-0.371
32	47	0.219	0.372
32	48	1.469	0.21
32	48	1.469	1.259
32	50	-0.433	-0.324
32	50	-0.433	-0.109
32	53	1.562	1.385
32	53	1.562	-0.382
32	53	1.562	1.014
32	53	1.562	-0.455
32	54	2.511	1.169
32	54	2.511	1.07
32	54	2.511	0.272
32	55	1.432	0.661
32	55	1.432	0.72
32	55	1.432	0.051
32	56	0.663	-0.157
32	56	0.663	0.132
32	56	0.663	0.688
32	57	0.567	-0.338
32	57	0.567	0.346
32	57	0.567	0.559
32	58	-1.109	-0.49
32	58	-1.109	0.042
32	58	-1.109	-0.661
32	59	-0.775	-0.326
32	59	-0.775	0.064
32	59	-0.775	-0.513
32	61	-1.493	-0.433
32	61	-1.493	-0.655
32	61	-1.493	-0.405
32	67	0.718	-0.045
32	67	0.718	0.763
33	38	1.38	0.404
33	38	1.38	0.435
33	38	1.38	-0.196
33	38	1.38	0.737
33	39	-1.422	-0.447
33	39	-1.422	-0.225
33	39	-1.422	-0.75
33	41	-1.339	-0.625
33	41	-1.339	-0.714
33	43	-1.993	-0.213
33	43	-1.993	-0.437
33	43	-1.993	-0.663
33	43	-1.993	-0.68
33	46	-2.094	-0.024
33	46	-2.094	-0.688
33	46	-2.094	-0.684
33	46	-2.094	-0.698
33	47	0.188	0.029
33	47	0.188	0.108
33	47	0.188	0.061
33	47	0.188	-0.01
33	48	-0.024	-0.252
33	48	-0.024	0.034
33	48	-0.024	0.194
33	50	-0.009	0.181
33	50	-0.009	-0.19
33	53	1.192	0.579
33	53	1.192	-0.464
33	53	1.192	1.172
33	53	1.192	-0.095
33	54	0.625	0.371
33	54	0.625	0.467
33	54	0.625	-0.179
33	54	0.625	-0.034
33	55	0.127	0.208
33	55	0.127	0.951
33	55	0.127	-0.33
33	55	0.127	-0.702
33	56	1.306	0.31
33	56	1.306	0.18
33	56	1.306	0.816
33	57	1.247	0.624
33	57	1.247	0.313
33	57	1.247	0.31
33	58	-0.234	0.451
33	58	-0.234	0.071
33	58	-0.234	-0.756
33	59	-0.374	0.318
33	59	-0.374	0.019
33	59	-0.374	-0.711
33	61	0.2	0.419
33	61	0.2	0.038
33	61	0.2	-0.007
33	61	0.2	-0.25
33	67	-0.035	-0.035
34	39	-1.317	0.104
34	39	-1.317	-0.685
34	39	-1.317	-0.736
34	41	-0.782	-0.395
34	41	-0.782	-0.015
34	41	-0.782	-0.372
34	48	-1.318	-0.102
34	48	-1.318	-0.493
34	48	-1.318	-0.723
34	50	-0.433	-0.296
34	50	-0.433	-0.123
34	50	-0.433	-0.014
34	67	-0.129	-0.27
34	67	-0.129	0.05
34	67	-0.129	0.091
35	39	-1.738	-0.143
35	39	-1.738	-0.527
35	39	-1.738	-0.396
35	39	-1.738	-0.672
35	41	-2.036	-0.547
35	41	-2.036	-0.214
35	41	-2.036	-0.633
35	41	-2.036	-0.642
35	48	-1.413	-0.383
35	48	-1.413	-0.485
35	48	-1.413	-0.545
35	50	-0.023	-0.095
35	50	-0.023	-0.003
35	50	-0.023	0.075
35	67	-0.559	0.04
35	67	-0.559	0.097
35	67	-0.559	-0.696
36	39	0.189	0.729
36	39	0.189	-0.4
36	39	0.189	-0.302
36	39	0.189	0.162
36	41	-1.585	-0.406
36	41	-1.585	-0.387
36	41	-1.585	-0.249
36	41	-1.585	-0.543
36	48	-1.396	-0.267
36	48	-1.396	-0.348
36	48	-1.396	-0.638
36	48	-1.396	-0.143
36	50	0.24	0.01
36	50	0.24	0.464
36	50	0.24	-0.234
36	67	-1.216	-0.404
36	67	-1.216	-0.592
36	67	-1.216	-0.22
37	41	-0.093	-0.268
37	41	-0.093	0.064
37	41	-0.093	0.111
37	43	-1.146	-0.142
37	43	-1.146	-0.329
37	43	-1.146	-0.171
37	43	-1.146	-0.504
37	46	-0.398	0.368
37	46	-0.398	-0.21
37	46	-0.398	-0.252
37	46	-0.398	-0.304
37	47	0.387	-0.191
37	47	0.387	0.231
37	47	0.387	0.133
37	47	0.387	0.214
37	48	-0.91	-0.488
37	48	-0.91	-0.311
37	48	-0.91	-0.111
37	50	0.72	0.043
37	50	0.72	0.102
37	50	0.72	0.575
37	53	0.835	0.427
37	53	0.835	-0.178
37	53	0.835	0.295
37	53	0.835	0.291
37	54	1.201	0.072
37	54	1.201	0.318
37	54	1.201	0.274
37	54	1.201	0.537
37	55	-0.513	0.222
37	55	-0.513	-0.249
37	55	-0.513	-0.392
37	55	-0.513	-0.094
37	56	2.31	0.453
37	56	2.31	0.514
37	56	2.31	1.343
37	57	2.303	0.297
37	57	2.303	0.693
37	57	2.303	0.49
37	57	2.303	0.823
37	58	1.239	-0.176
37	58	1.239	0.446
37	58	1.239	0.643
37	58	1.239	0.326
37	59	-0.973	0.18
37	59	-0.973	-0.177
37	59	-0.973	-0.267
37	59	-0.973	-0.709
37	61	0.43	0.207
37	61	0.43	-0.086
37	61	0.43	0.094
37	61	0.43	0.215
37	67	0.151	-0.063
37	67	0.151	0.093
37	67	0.151	0.121
38	42	1.357	0.151
38	42	1.357	0.491
38	42	1.357	0.361
38	42	1.357	0.354
38	45	0.621	0.246
38	45	0.621	0.78
38	45	0.621	-0.104
38	45	0.621	-0.301
38	49	2.041	-0.239
38	49	2.041	-0.112
38	49	2.041	0.417
38	49	2.041	1.975
38	62	-1.414	0.057
38	62	-1.414	-0.412
38	62	-1.414	-0.415
38	62	-1.414	-0.644
38	66	-1.644	-0.22
38	66	-1.644	-0.252
38	66	-1.644	-0.614
38	66	-1.644	-0.558
38	68	-1.004	-0.502
38	68	-1.004	-0.502
38	69	-0.536	0.288
38	69	-0.536	-0.238
38	69	-0.536	-0.586
38	70	-0.185	0.009
38	70	-0.185	0.137
38	70	-0.185	-0.331
39	42	-0.414	-0.03
39	42	-0.414	-0.249
39	42	-0.414	-0.135
39	44	-0.241	-0.532
39	44	-0.241	-0.081
39	44	-0.241	0.372
39	45	-0.471	-0.39
39	45	-0.471	-0.073
39	45	-0.471	-0.008
39	49	0.857	-0.603
39	49	0.857	1.26
39	49	0.857	0.2
39	51	-0.841	-0.43
39	51	-0.841	-0.231
39	51	-0.841	-0.18
39	52	-0.093	-0.078
39	52	-0.093	-0.457
39	52	-0.093	-0.043
39	52	-0.093	0.485
39	60	-0.493	0.37
39	60	-0.493	-0.612
39	60	-0.493	-0.251
39	62	-0.743	-0.492
39	62	-0.743	-0.251
39	63	0.157	-0.237
39	63	0.157	0.223
39	63	0.157	0.171
39	64	-0.161	0.82
39	64	-0.161	-0.403
39	64	-0.161	-0.186
39	64	-0.161	-0.392
39	65	-0.413	-0.488
39	65	-0.413	0.578
39	65	-0.413	-0.129
39	65	-0.413	-0.374
39	66	-1.665	-0.558
39	66	-1.665	-0.421
39	66	-1.665	-0.686
39	68	-1.101	-0.465
39	68	-1.101	-0.636
39	69	-0.291	-0.336
39	69	-0.291	0.045
39	70	-0.102	-0.365
39	70	-0.102	0.263
40	43	0.88	0.066
40	43	0.88	0.466
40	43	0.88	0.302
40	43	0.88	0.046
40	46	-0.469	0.661
40	46	-0.469	-0.216
40	46	-0.469	-0.459
40	46	-0.469	-0.455
40	47	0.358	-0.243
40	47	0.358	0.259
40	47	0.358	0.12
40	47	0.358	0.222
40	48	-1.104	-0.353
40	48	-1.104	-0.235
40	48	-1.104	-0.516
40	50	0.258	0.156
40	50	0.258	0.102
40	53	2.013	0.129
40	53	2.013	0.635
40	53	2.013	0.914
40	53	2.013	0.335
40	54	1.759	0.236
40	54	1.759	0.412
40	54	1.759	0.602
40	54	1.759	0.509
40	55	4.404	0.379
40	55	4.404	0.585
40	55	4.404	1.371
40	55	4.404	2.069
40	56	-0.682	-0.08
40	56	-0.682	0.013
40	56	-0.682	0.027
40	56	-0.682	-0.642
40	57	-1.285	-0.274
40	57	-1.285	-0.29
40	57	-1.285	-0.076
40	57	-1.285	-0.645
40	58	-1.476	-0.456
40	58	-1.476	-0.462
40	58	-1.476	-0.625
40	58	-1.476	0.067
40	59	-1.549	-0.344
40	59	-1.549	-0.524
40	59	-1.549	-0.681
40	61	-0.535	-0.036
40	61	-0.535	-0.208
40	61	-0.535	-0.291
40	67	-0.092	-0.017
40	67	-0.092	-0.646
40	67	-0.092	0.571
41	44	0.022	-0.095
41	44	0.022	-0.531
41	44	0.022	0.128
41	44	0.022	0.52
41	45	1.768	0.545
41	45	1.768	0.597
41	45	1.768	0.626
41	49	1.731	0.24
41	49	1.731	1.458
41	49	1.731	0.033
41	51	0.105	-0.209
41	51	0.105	0.101
41	51	0.105	0.213
41	52	0.392	0.335
41	52	0.392	0.312
41	52	0.392	0.058
41	52	0.392	-0.313
41	60	-2.119	-0.383
41	60	-2.119	-0.429
41	60	-2.119	-0.67
41	60	-2.119	-0.637
41	62	-0.66	-0.259
41	62	-0.66	-0.232
41	62	-0.66	-0.169
41	63	0.058	0.375
41	63	0.058	0.127
41	63	0.058	-0.106
41	63	0.058	-0.338
41	64	-0.478	-0.022
41	64	-0.478	-0.023
41	64	-0.478	-0.163
41	64	-0.478	-0.27
41	65	0.141	-0.063
41	65	0.141	-0.165
41	65	0.141	-0.013
41	65	0.141	0.382
41	66	1.77	0.591
41	66	1.77	0.676
41	66	1.77	0.503
41	68	-0.924	-0.368
41	68	-0.924	-0.556
41	69	0.226	-0.213
41	69	0.226	0.439
41	70	-0.85	-0.074
41	70	-0.85	-0.046
41	70	-0.85	-0.73
42	46	0.758	0.413
42	46	0.758	-0.269
42	46	0.758	0.117
42	46	0.758	0.497
42	47	3.261	0.48
42	47	3.261	0.958
42	47	3.261	0.017
42	47	3.261	1.806
42	48	0.022	-0.113
42	48	0.022	0.137
42	48	0.022	-0.002
42	50	-0.432	0.002
42	50	-0.432	-0.212
42	50	-0.432	-0.222
42	53	3.439	0.61
42	53	3.439	1.278
42	53	3.439	1.558
42	53	3.439	-0.007
42	54	3.049	0.969
42	54	3.049	0.462
42	54	3.049	1.121
42	54	3.049	0.497
42	55	2.976	0.552
42	55	2.976	0.171
42	55	2.976	1.07
42	55	2.976	1.183
42	56	-0.024	-0.22
42	56	-0.024	-0.056
42	56	-0.024	0.252
42	57	-1.862	-0.44
42	57	-1.862	-0.427
42	57	-1.862	-0.529
42	57	-1.862	-0.466
42	58	-0.704	-0.341
42	58	-0.704	0.486
42	58	-0.704	-0.504
42	58	-0.704	-0.345
42	59	-1.826	-0.076
42	59	-1.826	-0.541
42	59	-1.826	-0.664
42	59	-1.826	-0.545
42	61	0.858	0.626
42	61	0.858	0.41
42	61	0.858	-0.157
42	61	0.858	-0.021
42	67	1.469	-0.193
42	67	1.469	0.846
42	67	1.469	0.816
43	49	-1.083	-0.363
43	49	-1.083	-0.373
43	49	-1.083	-0.371
43	49	-1.083	0.024
43	62	-0.498	0.049
43	62	-0.498	-0.429
43	62	-0.498	0.501
43	62	-0.498	-0.619
43	66	3.13	0.706
43	66	3.13	0.523
43	66	3.13	0.268
43	66	3.13	1.633
43	68	-0.536	-0.18
43	68	-0.536	0.206
43	68	-0.536	-0.118
43	68	-0.536	-0.444
43	69	-0.06	0.042
43	69	-0.06	-0.116
43	69	-0.06	0.014
43	70	-0.694	0.128
43	70	-0.694	-0.62
43	70	-0.694	0.476
43	70	-0.694	-0.678
44	48	-0.001	-0.299
44	48	-0.001	-0.483
44	48	-0.001	0.293
44	48	-0.001	0.488
44	50	-0.995	-0.156
44	50	-0.995	0.064
44	50	-0.995	-0.272
44	50	-0.995	-0.631
44	67	0.24	0.352
44	67	0.24	-0.001
44	67	0.24	-0.111
45	48	0.68	-0.029
45	48	0.68	0.325
45	48	0.68	0.384
45	50	0.073	-0.237
45	50	0.073	0.202
45	50	0.073	0.108
45	53	0.806	0.29
45	53	0.806	0.467
45	53	0.806	-0.07
45	53	0.806	0.119
45	54	0.853	0.209
45	54	0.853	0.248
45	54	0.853	0.336
45	54	0.853	0.06
45	55	2.073	0.01
45	55	2.073	0.789
45	55	2.073	0.69
45	55	2.073	0.584
45	56	0.253	-0.182
45	56	0.253	0.352
45	56	0.253	0.083
45	57	-0.822	-0.281
45	57	-0.822	0.064
45	57	-0.822	-0.316
45	57	-0.822	-0.289
45	58	-0.67	-0.257
45	58	-0.67	0.292
45	58	-0.67	-0.376
45	58	-0.67	-0.329
45	59	-2.084	-0.207
45	59	-2.084	-0.59
45	59	-2.084	-0.628
45	59	-2.084	-0.659
45	61	-0.539	-0.106
45	61	-0.539	0.194
45	61	-0.539	-0.057
45	61	-0.539	-0.57
45	67	0.781	-0.134
45	67	0.781	0.569
45	67	0.781	0.346
46	49	-1.354	-0.215
46	49	-1.354	-0.284
46	49	-1.354	-0.398
46	49	-1.354	-0.457
46	62	-1.012	0.232
46	62	-1.012	-0.284
46	62	-1.012	-0.307
46	62	-1.012	-0.653
46	66	-0.773	0.254
46	66	-0.773	-0.323
46	66	-0.773	-0.358
46	66	-0.773	-0.346
46	68	-1.288	-0.368
46	68	-1.288	-0.488
46	68	-1.288	-0.432
46	69	-1.88	-0.3
46	69	-1.88	-0.345
46	69	-1.88	-0.598
46	69	-1.88	-0.637
46	70	-1.595	-0.17
46	70	-1.595	-0.348
46	70	-1.595	-0.373
46	70	-1.595	-0.704
47	62	-1.289	-0.493
47	62	-1.289	-0.373
47	62	-1.289	-0.267
47	62	-1.289	-0.156
47	66	-0.972	-0.455
47	66	-0.972	-0.354
47	66	-0.972	-0.278
47	66	-0.972	0.115
47	68	-0.91	-0.558
47	68	-0.91	-0.397
47	68	-0.91	0.045
47	69	-0.698	-0.337
47	69	-0.698	-0.321
47	69	-0.698	-0.04
47	70	-0.432	-0.387
47	70	-0.432	-0.189
47	70	-0.432	0.144
48	51	-1.544	-0.333
48	51	-1.544	-0.534
48	51	-1.544	-0.677
48	52	-1.093	-0.349
48	52	-1.093	-0.501
48	52	-1.093	-0.243
48	60	-1.349	-0.085
48	60	-1.349	-0.568
48	60	-1.349	-0.696
48	62	-0.842	-0.505
48	62	-0.842	-0.162
48	62	-0.842	-0.175
48	63	-0.287	0.107
48	63	-0.287	-0.49
48	63	-0.287	0.096
48	64	-1.555	0.016
48	64	-1.555	-0.506
48	64	-1.555	-0.379
48	64	-1.555	-0.686
48	65	-1.027	-0.132
48	65	-1.027	-0.494
48	65	-1.027	-0.207
48	65	-1.027	-0.194
48	66	-1.226	-0.413
48	66	-1.226	-0.129
48	66	-1.226	-0.684
48	68	-0.403	-0.403
48	69	-0.642	-0.385
48	69	-0.642	-0.257
48	70	-0.528	-0.463
48	70	-0.528	-0.065
49	53	-1.136	-0.161
49	53	-1.136	-0.461
49	53	-1.136	-0.464
49	53	-1.136	-0.05
49	54	-1.018	0.059
49	54	-1.018	-0.559
49	54	-1.018	0.052
49	54	-1.018	-0.57
49	55	2.231	-0.075
49	55	2.231	-0.319
49	55	2.231	1.52
49	55	2.231	1.105
49	56	-1.443	-0.362
49	56	-1.443	0.188
49	56	-1.443	-0.628
49	56	-1.443	-0.641
49	57	-0.866	-0.278
49	57	-0.866	-0.392
49	57	-0.866	-0.137
49	57	-0.866	-0.059
49	58	-2.144	-0.391
49	58	-2.144	-0.612
49	58	-2.144	-0.516
49	58	-2.144	-0.625
49	59	-2.056	-0.36
49	59	-2.056	-0.517
49	59	-2.056	-0.653
49	59	-2.056	-0.526
49	61	-0.036	-0.264
49	61	-0.036	0.347
49	61	-0.036	0.513
49	61	-0.036	-0.632
49	67	-1.46	-0.243
49	67	-1.46	-0.643
49	67	-1.46	-0.574
50	60	0.335	-0.122
50	60	0.335	0.226
50	60	0.335	0.231
50	62	0.614	0.196
50	62	0.614	-0.036
50	62	0.614	0.454
50	63	0.73	0.226
50	63	0.73	0.161
50	63	0.73	0.343
50	64	0.011	0.1
50	64	0.011	-0.104
50	64	0.011	0.011
50	64	0.011	0.004
50	65	-0.124	0.133
50	65	-0.124	-0.131
50	65	-0.124	-0.175
50	65	-0.124	0.049
50	66	-0.157	-0.007
50	66	-0.157	-0.102
50	66	-0.157	-0.048
50	68	-0.139	-0.139
50	69	-0.137	-0.099
50	69	-0.137	-0.038
50	70	0.07	0.043
50	70	0.07	0.027
51	67	-0.934	-0.176
51	67	-0.934	-0.03
51	67	-0.934	-0.728
52	67	0.799	0.383
52	67	0.799	-0.119
52	67	0.799	-0.182
52	67	0.799	0.717
53	62	-0.206	0.319
53	62	-0.206	-0.332
53	62	-0.206	0.054
53	62	-0.206	-0.247
53	66	1.189	0.217
53	66	1.189	0.663
53	66	1.189	-0.165
53	66	1.189	0.474
53	68	-1.2	-0.087
53	68	-1.2	-0.354
53	68	-1.2	-0.255
53	68	-1.2	-0.504
53	69	0.945	0.121
53	69	0.945	-0.168
53	69	0.945	0.6
53	69	0.945	0.392
53	70	-0.034	0.323
53	70	-0.034	-0.323
53	70	-0.034	0.667
53	70	-0.034	-0.701
54	62	1.465	0.205
54	62	1.465	0.238
54	62	1.465	0.392
54	62	1.465	0.63
54	66	-2.1	-0.689
54	66	-2.1	-0.647
54	66	-2.1	-0.601
54	66	-2.1	-0.163
54	68	-1.334	-0.216
54	68	-1.334	-0.491
54	68	-1.334	-0.627
54	69	0.49	0.492
54	69	0.49	0.18
54	69	0.49	-0.602
54	69	0.49	0.42
54	70	-0.054	0.154
54	70	-0.054	-0.003
54	70	-0.054	-0.205
55	62	-0.282	0.163
55	62	-0.282	-0.289
55	62	-0.282	-0.018
55	62	-0.282	-0.138
55	66	3.764	0.62
55	66	3.764	1.289
55	66	3.764	1.164
55	66	3.764	0.691
55	68	-0.723	0.033
55	68	-0.723	-0.26
55	68	-0.723	-0.496
55	69	1.056	0.302
55	69	1.056	0.383
55	69	1.056	-0.284
55	69	1.056	0.655
55	70	0.266	0.249
55	70	0.266	0.387
55	70	0.266	-0.37
56	62	0.957	0.385
56	62	0.957	0.097
56	62	0.957	0.475
56	66	-0.365	0.239
56	66	-0.365	-0.056
56	66	-0.365	-0.427
56	66	-0.365	-0.121
56	68	1.239	0.321
56	68	1.239	0.293
56	68	1.239	0.625
56	69	-0.18	0.553
56	69	-0.18	-0.29
56	69	-0.18	-0.443
56	70	1.364	0.602
56	70	1.364	1.151
56	70	1.364	-0.389
57	62	0.94	0.435
57	62	0.94	0.115
57	62	0.94	0.092
57	62	0.94	0.298
57	66	-1.596	-0.612
57	66	-1.596	0.25
57	66	-1.596	-0.476
57	66	-1.596	-0.758
57	68	1.548	0.429
57	68	1.548	0.399
57	68	1.548	0.72
57	69	1.347	0.115
57	69	1.347	0.322
57	69	1.347	0.322
57	69	1.347	0.588
57	70	0.895	0.323
57	70	0.895	-0.008
57	70	0.895	0.683
57	70	0.895	-0.103
58	62	0.797	0.165
58	62	0.797	0.321
58	62	0.797	0.311
58	66	-1.05	0.016
58	66	-1.05	0.404
58	66	-1.05	-0.726
58	66	-1.05	-0.744
58	68	-0.944	0.384
58	68	-0.944	-0.42
58	68	-0.944	-0.221
58	68	-0.944	-0.687
58	69	3.261	0.465
58	69	3.261	0.599
58	69	3.261	1.0
58	69	3.261	1.197
58	70	-0.234	-0.057
58	70	-0.234	0.005
58	70	-0.234	-0.182
59	62	0.683	0.373
59	62	0.683	0.31
59	66	-0.333	-0.011
59	66	-0.333	0.975
59	66	-0.333	-0.63
59	66	-0.333	-0.667
59	68	0.697	0.456
59	68	0.697	0.645
59	68	0.697	0.171
59	68	0.697	-0.575
59	69	-0.254	0.308
59	69	-0.254	-0.296
59	69	-0.254	-0.266
59	70	0.723	0.085
59	70	0.723	0.299
59	70	0.723	0.339
60	67	0.934	0.567
60	67	0.934	0.543
60	67	0.934	-0.176
61	66	1.256	0.253
61	66	1.256	0.278
61	66	1.256	0.396
61	66	1.256	0.329
61	68	-0.599	-0.126
61	68	-0.599	-0.454
61	68	-0.599	-0.019
61	69	-1.153	-0.088
61	69	-1.153	-0.071
61	69	-1.153	-0.738
61	69	-1.153	-0.256
61	70	-0.787	0.345
61	70	-0.787	-0.472
61	70	-0.787	-0.66
62	67	-0.485	-0.092
62	67	-0.485	-0.747
62	67	-0.485	0.354
63	67	0.198	-0.093
63	67	0.198	-0.288
63	67	0.198	0.579
64	67	-0.328	-0.008
64	67	-0.328	0.178
64	67	-0.328	-0.01
64	67	-0.328	-0.488
67	70	0.521	0.018
67	70	0.521	0.503
