1 120.0 1419 2.434
2 120.0 2839 2.594
3 120.0 4259 6.4
4 120.0 5679 4.14
5 120.0 7099 4.132
6 120.0 8519 1.36
7 120.0 9939 2.858
8 120.0 11359 3.394
9 120.0 12779 3.554
10 120.0 14199 4.942
11 120.0 15619 5.002
12 120.0 17039 2.255
13 120.0 18459 3.714
14 120.0 19879 4.78
15 120.0 21299 -0.17
16 120.0 22719 2.662
17 120.0 24139 5.182
18 120.0 25559 4.982
19 120.0 26979 3.622
20 120.0 28399 3.12
21 120.0 29819 3.936
22 120.0 31239 0.182
23 120.0 32659 2.532
24 120.0 34079 -0.356
25 120.0 35499 1.29
26 120.0 36919 -1.496
27 120.0 38339 6.414
28 120.0 39759 1.832
29 120.0 41179 1.484
30 120.0 42599 5.804
31 120.0 44019 2.71
32 120.0 45439 1.012
33 120.0 46859 3.966
34 120.0 48279 2.394
35 120.0 49699 5.262
36 120.0 51119 -0.403
37 120.0 52539 3.416
38 120.0 53959 4.18
39 120.0 55379 1.714
40 120.0 56799 5.212
41 120.0 58219 2.722
42 120.0 59639 1.326
43 120.0 61059 4.546
44 120.0 62479 3.634
45 120.0 63899 2.318
46 120.0 65319 6.462
47 120.0 66739 2.245
48 120.0 68159 1.994
49 120.0 69579 2.198
50 120.0 70999 -0.812
51 120.0 72419 2.732
52 120.0 73839 3.272
53 120.0 75259 2.12
54 120.0 76679 3.654
55 120.0 78099 5.856
56 120.0 79519 2.084
57 120.0 80939 6.006
58 120.0 82359 6.36
59 120.0 83779 5.786
60 120.0 85199 2.06
61 120.0 86619 5.104
62 120.0 88039 4.998
63 120.0 89459 1.702
64 120.0 90879 4.39
65 120.0 92299 0.04
66 120.0 93719 1.914
67 120.0 95139 2.21
68 120.0 96559 3.126
69 120.0 97979 3.168
70 120.0 99399 6.26
71 120.0 100819 5.428
72 120.0 102239 4.736
73 120.0 103659 4.488
74 120.0 105079 5.022
75 120.0 106499 2.252
76 120.0 107919 2.892
77 120.0 109339 5.752
78 120.0 110759 5.252
79 120.0 112179 2.754
80 120.0 113599 2.436
81 120.0 115019 6.172
82 120.0 116439 4.404
83 120.0 117859 3.536
84 120.0 119279 2.504
85 120.0 120699 5.41
86 120.0 122119 5.422
87 120.0 123539 2.106
88 120.0 124959 3.474
89 120.0 126379 4.674
90 120.0 127799 5.338
91 120.0 129219 1.839
92 120.0 130639 2.698
93 120.0 132059 6.568
94 120.0 133479 4.89
95 120.0 134899 1.026
96 120.0 136319 4.426
97 120.0 137739 3.698
98 120.0 139159 5.324
99 120.0 140579 6.262
100 120.0 141999 5.344
101 105.6 1419 2.272
102 105.6 2839 4.582
103 105.6 4259 3.376
104 105.6 5679 5.566
105 105.6 7099 3.351
106 105.6 8519 4.964
107 105.6 9939 -0.959
108 105.6 11359 -4.657
109 105.6 12779 0.037
110 105.6 14199 5.51
111 105.6 15619 3.634
112 105.6 17039 1.64
113 105.6 18459 1.626
114 105.6 19879 5.408
115 105.6 21299 3.852
116 105.6 22719 5.172
117 105.6 24139 2.162
118 105.6 25559 -0.863
119 105.6 26979 4.872
120 105.6 28399 2.97
121 105.6 29819 1.76
122 105.6 31239 1.63
123 105.6 32659 -1.636
124 105.6 34079 2.724
125 105.6 35499 6.47
126 105.6 36919 1.682
127 105.6 38339 0.676
128 105.6 39759 4.322
129 105.6 41179 7.22
130 105.6 42599 4.682
131 105.6 44019 5.248
132 105.6 45439 3.522
133 105.6 46859 3.388
134 105.6 48279 3.288
135 105.6 49699 1.498
136 105.6 51119 4.426
137 105.6 52539 4.346
138 105.6 53959 3.744
139 105.6 55379 2.142
140 105.6 56799 3.086
141 105.6 58219 2.806
142 105.6 59639 3.842
143 105.6 61059 3.108
144 105.6 62479 3.174
145 105.6 63899 2.936
146 105.6 65319 4.858
147 105.6 66739 3.156
148 105.6 68159 1.34
149 105.6 69579 0.493
150 105.6 70999 4.478
151 105.6 72419 5.612
152 105.6 73839 4.066
153 105.6 75259 6.388
154 105.6 76679 4.398
155 105.6 78099 3.776
156 105.6 79519 3.119
157 105.6 80939 3.922
158 105.6 82359 3.056
159 105.6 83779 3.162
160 105.6 85199 3.436
161 105.6 86619 4.994
162 105.6 88039 1.428
163 105.6 89459 4.18
164 105.6 90879 3.12
165 105.6 92299 3.656
166 105.6 93719 1.112
167 105.6 95139 3.486
168 105.6 96559 5.076
169 105.6 97979 3.776
170 105.6 99399 1.375
171 105.6 100819 1.752
172 105.6 102239 3.024
173 105.6 103659 2.596
174 105.6 105079 4.804
175 105.6 106499 1.784
176 105.6 107919 3.65
177 105.6 109339 -0.421
178 105.6 110759 3.98
179 105.6 112179 1.747
180 105.6 113599 3.2
181 105.6 115019 1.2
182 105.6 116439 3.068
183 105.6 117859 3.086
184 105.6 119279 1.936
185 105.6 120699 0.282
186 105.6 122119 5.252
187 105.6 123539 4.924
188 105.6 124959 5.138
189 105.6 126379 4.136
190 105.6 127799 0.702
191 105.6 129219 1.421
192 105.6 130639 5.51
193 105.6 132059 2.09
194 105.6 133479 3.03
195 105.6 134899 3.27
196 105.6 136319 2.888
197 105.6 137739 0.972
198 105.6 139159 5.204
199 105.6 140579 2.507
200 105.6 141999 3.464
201 92.928 1419 0.124
202 92.928 2839 2.53
203 92.928 4259 0.335
204 92.928 5679 2.26
205 92.928 7099 2.766
206 92.928 8519 1.563
207 92.928 9939 3.768
208 92.928 11359 4.643
209 92.928 12779 2.42
210 92.928 14199 2.024
211 92.928 15619 3.661
212 92.928 17039 2.101
213 92.928 18459 4.774
214 92.928 19879 4.849
215 92.928 21299 4.856
216 92.928 22719 1.882
217 92.928 24139 1.991
218 92.928 25559 -0.083
219 92.928 26979 4.78
220 92.928 28399 4.372
221 92.928 29819 6.172
222 92.928 31239 -4.264
223 92.928 32659 3.586
224 92.928 34079 2.425
225 92.928 35499 0.171
226 92.928 36919 4.296
227 92.928 38339 1.46
228 92.928 39759 4.57
229 92.928 41179 -1.269
230 92.928 42599 4.1
231 92.928 44019 -2.221
232 92.928 45439 3.7
233 92.928 46859 -1.066
234 92.928 48279 1.678
235 92.928 49699 0.225
236 92.928 51119 1.885
237 92.928 52539 -0.428
238 92.928 53959 1.098
239 92.928 55379 4.128
240 92.928 56799 3.586
241 92.928 58219 1.427
242 92.928 59639 -0.683
243 92.928 61059 1.058
244 92.928 62479 3.634
245 92.928 63899 -1.818
246 92.928 65319 2.589
247 92.928 66739 1.085
248 92.928 68159 -0.593
249 92.928 69579 4.618
250 92.928 70999 1.818
251 92.928 72419 3.472
252 92.928 73839 6.092
253 92.928 75259 2.507
254 92.928 76679 1.881
255 92.928 78099 4.178
256 92.928 79519 3.2
257 92.928 80939 -0.747
258 92.928 82359 2.656
259 92.928 83779 -1.917
260 92.928 85199 1.718
261 92.928 86619 2.509
262 92.928 88039 -0.043
263 92.928 89459 2.924
264 92.928 90879 0.637
265 92.928 92299 2.834
266 92.928 93719 1.625
267 92.928 95139 3.604
268 92.928 96559 -0.675
269 92.928 97979 -2.008
270 92.928 99399 4.834
271 92.928 100819 3.912
272 92.928 102239 2.721
273 92.928 103659 1.709
274 92.928 105079 4.198
275 92.928 106499 3.645
276 92.928 107919 2.354
277 92.928 109339 -0.333
278 92.928 110759 1.541
279 92.928 112179 3.978
280 92.928 113599 4.842
281 92.928 115019 -1.17
282 92.928 116439 2.39
283 92.928 117859 2.796
284 92.928 119279 5.232
285 92.928 120699 3.228
286 92.928 122119 1.277
287 92.928 123539 3.418
288 92.928 124959 2.87
289 92.928 126379 0.499
290 92.928 127799 0.157
291 92.928 129219 -10.657
292 92.928 130639 0.545
293 92.928 132059 2.264
294 92.928 133479 0.984
295 92.928 134899 4.424
296 92.928 136319 2.6
297 92.928 137739 -1.927
298 92.928 139159 3.356
299 92.928 140579 3.864
300 92.928 141999 3.65
301 81.77664 1419 3.994
302 81.77664 2839 -10.423
303 81.77664 4259 -2.228
304 81.77664 5679 -0.24
305 81.77664 7099 0.932
306 81.77664 8519 2.706
307 81.77664 9939 1.323
308 81.77664 11359 -0.08
309 81.77664 12779 2.112
310 81.77664 14199 3.976
311 81.77664 15619 -3.793
312 81.77664 17039 1.862
313 81.77664 18459 3.304
314 81.77664 19879 0.012
315 81.77664 21299 -2.003
316 81.77664 22719 -2.064
317 81.77664 24139 0.998
318 81.77664 25559 2.576
319 81.77664 26979 -2.782
320 81.77664 28399 5.472
321 81.77664 29819 4.43
322 81.77664 31239 -0.556
323 81.77664 32659 -3.049
324 81.77664 34079 4.56
325 81.77664 35499 -2.157
326 81.77664 36919 4.368
327 81.77664 38339 0.853
328 81.77664 39759 1.634
329 81.77664 41179 -3.575
330 81.77664 42599 -2.069
331 81.77664 44019 0.871
332 81.77664 45439 -1.522
333 81.77664 46859 3.506
334 81.77664 48279 0.472
335 81.77664 49699 1.754
336 81.77664 51119 4.738
337 81.77664 52539 -2.204
338 81.77664 53959 -1.434
339 81.77664 55379 -0.928
340 81.77664 56799 -0.254
341 81.77664 58219 -5.653
342 81.77664 59639 -3.202
343 81.77664 61059 2.934
344 81.77664 62479 5.606
345 81.77664 63899 -1.352
346 81.77664 65319 -5.062
347 81.77664 66739 3.208
348 81.77664 68159 3.958
349 81.77664 69579 2.884
350 81.77664 70999 0.484
351 81.77664 72419 3.732
352 81.77664 73839 5.478
353 81.77664 75259 -0.935
354 81.77664 76679 -7.51
355 81.77664 78099 -0.264
356 81.77664 79519 3.304
357 81.77664 80939 1.142
358 81.77664 82359 -4.776
359 81.77664 83779 0.348
360 81.77664 85199 3.098
361 81.77664 86619 4.149
362 81.77664 88039 2.838
363 81.77664 89459 2.578
364 81.77664 90879 3.231
365 81.77664 92299 3.912
366 81.77664 93719 1.27
367 81.77664 95139 0.002
368 81.77664 96559 4.062
369 81.77664 97979 2.3
370 81.77664 99399 -5.492
371 81.77664 100819 2.45
372 81.77664 102239 -2.735
373 81.77664 103659 -2.29
374 81.77664 105079 1.95
375 81.77664 106499 4.09
376 81.77664 107919 -4.229
377 81.77664 109339 -0.974
378 81.77664 110759 -4.1
379 81.77664 112179 -3.68
380 81.77664 113599 -0.112
381 81.77664 115019 1.362
382 81.77664 116439 0.842
383 81.77664 117859 5.386
384 81.77664 119279 0.298
385 81.77664 120699 7.042
386 81.77664 122119 5.126
387 81.77664 123539 -6.74
388 81.77664 124959 -5.028
389 81.77664 126379 -3.951
390 81.77664 127799 0.924
391 81.77664 129219 3.448
392 81.77664 130639 -2.578
393 81.77664 132059 -0.08
394 81.77664 133479 -0.158
395 81.77664 134899 5.36
396 81.77664 136319 -0.225
397 81.77664 137739 3.414
398 81.77664 139159 1.3
399 81.77664 140579 2.402
400 81.77664 141999 0.684
401 71.9634432 1419 -11.582
402 71.9634432 2839 -17.319
403 71.9634432 4259 -5.017
404 71.9634432 5679 -5.93
405 71.9634432 7099 1.46
406 71.9634432 8519 -7.629
407 71.9634432 9939 -17.381
408 71.9634432 11359 0.737
409 71.9634432 12779 0.861
410 71.9634432 14199 -0.349
411 71.9634432 15619 3.014
412 71.9634432 17039 3.15
413 71.9634432 18459 4.256
414 71.9634432 19879 3.064
415 71.9634432 21299 4.526
416 71.9634432 22719 0.382
417 71.9634432 24139 -6.611
418 71.9634432 25559 2.34
419 71.9634432 26979 4.182
420 71.9634432 28399 -2.237
421 71.9634432 29819 -5.482
422 71.9634432 31239 0.658
423 71.9634432 32659 1.634
424 71.9634432 34079 2.09
425 71.9634432 35499 0.336
426 71.9634432 36919 3.922
427 71.9634432 38339 -1.921
428 71.9634432 39759 -1.535
429 71.9634432 41179 3.356
430 71.9634432 42599 2.722
431 71.9634432 44019 -1.624
432 71.9634432 45439 -5.502
433 71.9634432 46859 1.116
434 71.9634432 48279 1.04
435 71.9634432 49699 -2.731
436 71.9634432 51119 0.538
437 71.9634432 52539 -0.114
438 71.9634432 53959 2.054
439 71.9634432 55379 2.99
440 71.9634432 56799 5.566
441 71.9634432 58219 -2.022
442 71.9634432 59639 -0.658
443 71.9634432 61059 -3.796
444 71.9634432 62479 1.482
445 71.9634432 63899 -0.979
446 71.9634432 65319 5.264
447 71.9634432 66739 -2.85
448 71.9634432 68159 -11.434
449 71.9634432 69579 -8.25
450 71.9634432 70999 -7.739
451 71.9634432 72419 -1.044
452 71.9634432 73839 -1.184
453 71.9634432 75259 -7.386
454 71.9634432 76679 -2.803
455 71.9634432 78099 -7.159
456 71.9634432 79519 2.52
457 71.9634432 80939 -0.494
458 71.9634432 82359 3.088
459 71.9634432 83779 -3.935
460 71.9634432 85199 -2.851
461 71.9634432 86619 4.293
462 71.9634432 88039 -2.905
463 71.9634432 89459 -7.598
464 71.9634432 90879 -5.367
465 71.9634432 92299 -5.247
466 71.9634432 93719 -0.409
467 71.9634432 95139 -9.78
468 71.9634432 96559 -0.43
469 71.9634432 97979 -2.185
470 71.9634432 99399 -1.259
471 71.9634432 100819 3.409
472 71.9634432 102239 3.54
473 71.9634432 103659 -6.266
474 71.9634432 105079 -2.949
475 71.9634432 106499 3.976
476 71.9634432 107919 -4.696
477 71.9634432 109339 2.762
478 71.9634432 110759 -1.743
479 71.9634432 112179 0.026
480 71.9634432 113599 0.88
481 71.9634432 115019 -2.264
482 71.9634432 116439 4.476
483 71.9634432 117859 3.056
484 71.9634432 119279 -2.177
485 71.9634432 120699 -1.948
486 71.9634432 122119 -1.198
487 71.9634432 123539 2.088
488 71.9634432 124959 2.174
489 71.9634432 126379 -5.771
490 71.9634432 127799 -5.584
491 71.9634432 129219 -2.516
492 71.9634432 130639 -3.145
493 71.9634432 132059 4.908
494 71.9634432 133479 2.258
495 71.9634432 134899 0.668
496 71.9634432 136319 -3.608
497 71.9634432 137739 1.465
498 71.9634432 139159 4.338
499 71.9634432 140579 -2.238
500 71.9634432 141999 -4.166
501 63.327830016 1419 -8.061
502 63.327830016 2839 -7.284
503 63.327830016 4259 -6.235
504 63.327830016 5679 -5.343
505 63.327830016 7099 -9.111
506 63.327830016 8519 0.333
507 63.327830016 9939 0.05
508 63.327830016 11359 -0.998
509 63.327830016 12779 -4.563
510 63.327830016 14199 -7.483
511 63.327830016 15619 -3.669
512 63.327830016 17039 0.863
513 63.327830016 18459 -4.021
514 63.327830016 19879 -7.793
515 63.327830016 21299 -5.596
516 63.327830016 22719 -9.259
517 63.327830016 24139 -0.272
518 63.327830016 25559 -8.462
519 63.327830016 26979 -10.048
520 63.327830016 28399 -4.999
521 63.327830016 29819 -7.379
522 63.327830016 31239 -11.465
523 63.327830016 32659 -13.482
524 63.327830016 34079 4.224
525 63.327830016 35499 -10.075
526 63.327830016 36919 -1.158
527 63.327830016 38339 -5.952
528 63.327830016 39759 4.442
529 63.327830016 41179 -5.424
530 63.327830016 42599 -1.734
531 63.327830016 44019 -2.161
532 63.327830016 45439 3.152
533 63.327830016 46859 -7.594
534 63.327830016 48279 -9.411
535 63.327830016 49699 -8.137
536 63.327830016 51119 -1.144
537 63.327830016 52539 -1.988
538 63.327830016 53959 -1.662
539 63.327830016 55379 -6.427
540 63.327830016 56799 -3.887
541 63.327830016 58219 1.274
542 63.327830016 59639 1.66
543 63.327830016 61059 3.136
544 63.327830016 62479 -2.444
545 63.327830016 63899 -12.161
546 63.327830016 65319 -26.79
547 63.327830016 66739 -10.32
548 63.327830016 68159 -6.54
549 63.327830016 69579 -3.866
550 63.327830016 70999 2.71
551 63.327830016 72419 -1.906
552 63.327830016 73839 -2.01
553 63.327830016 75259 -0.018
554 63.327830016 76679 -6.945
555 63.327830016 78099 -4.177
556 63.327830016 79519 4.114
557 63.327830016 80939 -7.794
558 63.327830016 82359 -2.301
559 63.327830016 83779 0.746
560 63.327830016 85199 2.279
561 63.327830016 86619 -1.962
562 63.327830016 88039 -4.321
563 63.327830016 89459 -7.087
564 63.327830016 90879 0.046
565 63.327830016 92299 -2.981
566 63.327830016 93719 -1.322
567 63.327830016 95139 1.598
568 63.327830016 96559 2.234
569 63.327830016 97979 -1.116
570 63.327830016 99399 -1.386
571 63.327830016 100819 -6.277
572 63.327830016 102239 -6.082
573 63.327830016 103659 -19.667
574 63.327830016 105079 -18.213
575 63.327830016 106499 -7.807
576 63.327830016 107919 -10.825
577 63.327830016 109339 -3.307
578 63.327830016 110759 -3.159
579 63.327830016 112179 -3.203
580 63.327830016 113599 -11.574
581 63.327830016 115019 -4.424
582 63.327830016 116439 -0.795
583 63.327830016 117859 -0.435
584 63.327830016 119279 -3.715
585 63.327830016 120699 3.834
586 63.327830016 122119 0.904
587 63.327830016 123539 1.228
588 63.327830016 124959 0.162
589 63.327830016 126379 -4.201
590 63.327830016 127799 -1.261
591 63.327830016 129219 1.78
592 63.327830016 130639 -1.492
593 63.327830016 132059 -0.506
594 63.327830016 133479 3.316
595 63.327830016 134899 -3.274
596 63.327830016 136319 0.562
597 63.327830016 137739 2.674
598 63.327830016 139159 -1.792
599 63.327830016 140579 0.926
600 63.327830016 141999 -12.099
601 55.72849041408 1419 -11.229
602 55.72849041408 2839 -10.372
603 55.72849041408 4259 -20.176
604 55.72849041408 5679 -32.809
605 55.72849041408 7099 -28.567
606 55.72849041408 8519 -14.65
607 55.72849041408 9939 -5.708
608 55.72849041408 11359 -1.582
609 55.72849041408 12779 1.65
610 55.72849041408 14199 1.864
611 55.72849041408 15619 2.086
612 55.72849041408 17039 -3.422
613 55.72849041408 18459 -5.177
614 55.72849041408 19879 -19.253
615 55.72849041408 21299 -6.438
616 55.72849041408 22719 -10.745
617 55.72849041408 24139 -9.4
618 55.72849041408 25559 -21.685
619 55.72849041408 26979 -29.048
620 55.72849041408 28399 -24.404
621 55.72849041408 29819 -16.455
622 55.72849041408 31239 -7.247
623 55.72849041408 32659 -12.107
624 55.72849041408 34079 -5.74
625 55.72849041408 35499 -3.264
626 55.72849041408 36919 0.281
627 55.72849041408 38339 -2.288
628 55.72849041408 39759 -5.497
629 55.72849041408 41179 -0.595
630 55.72849041408 42599 -5.193
631 55.72849041408 44019 -2.027
632 55.72849041408 45439 -9.334
633 55.72849041408 46859 -10.841
634 55.72849041408 48279 -7.965
635 55.72849041408 49699 -4.444
636 55.72849041408 51119 -9.043
637 55.72849041408 52539 -10.063
638 55.72849041408 53959 -13.775
639 55.72849041408 55379 -9.959
640 55.72849041408 56799 -15.688
641 55.72849041408 58219 -16.016
642 55.72849041408 59639 -19.799
643 55.72849041408 61059 -12.527
644 55.72849041408 62479 -12.043
645 55.72849041408 63899 -8.265
646 55.72849041408 65319 -9.352
647 55.72849041408 66739 -7.434
648 55.72849041408 68159 -8.855
649 55.72849041408 69579 -12.806
650 55.72849041408 70999 -12.394
651 55.72849041408 72419 -5.73
652 55.72849041408 73839 -6.905
653 55.72849041408 75259 -5.238
654 55.72849041408 76679 -18.921
655 55.72849041408 78099 0.785
656 55.72849041408 79519 -4.086
657 55.72849041408 80939 -6.375
658 55.72849041408 82359 -5.565
659 55.72849041408 83779 -16.423
660 55.72849041408 85199 -19.252
661 55.72849041408 86619 -22.545
662 55.72849041408 88039 -20.574
663 55.72849041408 89459 -26.056
664 55.72849041408 90879 2.097
665 55.72849041408 92299 -8.741
666 55.72849041408 93719 -1.977
667 55.72849041408 95139 -4.852
668 55.72849041408 96559 -8.109
669 55.72849041408 97979 -6.821
670 55.72849041408 99399 -1.524
671 55.72849041408 100819 5.316
672 55.72849041408 102239 -3.821
673 55.72849041408 103659 -7.48
674 55.72849041408 105079 -11.448
675 55.72849041408 106499 -11.021
676 55.72849041408 107919 -7.372
677 55.72849041408 109339 -9.904
678 55.72849041408 110759 -3.536
679 55.72849041408 112179 0.92
680 55.72849041408 113599 -1.926
681 55.72849041408 115019 -0.937
682 55.72849041408 116439 -4.174
683 55.72849041408 117859 -9.773
684 55.72849041408 119279 -23.014
685 55.72849041408 120699 -3.179
686 55.72849041408 122119 -8.076
687 55.72849041408 123539 -6.303
688 55.72849041408 124959 -11.188
689 55.72849041408 126379 -10.353
690 55.72849041408 127799 -15.94
691 55.72849041408 129219 -10.059
692 55.72849041408 130639 -15.232
693 55.72849041408 132059 -7.027
694 55.72849041408 133479 -10.222
695 55.72849041408 134899 -5.784
696 55.72849041408 136319 -3.317
697 55.72849041408 137739 -9.197
698 55.72849041408 139159 -2.992
699 55.72849041408 140579 -0.808
700 55.72849041408 141999 -11.864
701 49.0410715643904 1419 -16.785
702 49.0410715643904 2839 -17.377
703 49.0410715643904 4259 -16.953
704 49.0410715643904 5679 -21.321
705 49.0410715643904 7099 -20.874
706 49.0410715643904 8519 -28.985
707 49.0410715643904 9939 -33.888
708 49.0410715643904 11359 -40.649
709 49.0410715643904 12779 -26.129
710 49.0410715643904 14199 -9.781
711 49.0410715643904 15619 -12.264
712 49.0410715643904 17039 -9.571
713 49.0410715643904 18459 -15.153
714 49.0410715643904 19879 -24.93
715 49.0410715643904 21299 -32.663
716 49.0410715643904 22719 -34.45
717 49.0410715643904 24139 -24.902
718 49.0410715643904 25559 -21.287
719 49.0410715643904 26979 -28.991
720 49.0410715643904 28399 -31.46
721 49.0410715643904 29819 -29.873
722 49.0410715643904 31239 -37.278
723 49.0410715643904 32659 -27.642
724 49.0410715643904 34079 -24.824
725 49.0410715643904 35499 -33.703
726 49.0410715643904 36919 -20.322
727 49.0410715643904 38339 -24.671
728 49.0410715643904 39759 -18.87
729 49.0410715643904 41179 -32.877
730 49.0410715643904 42599 -27.362
731 49.0410715643904 44019 -28.745
732 49.0410715643904 45439 -31.809
733 49.0410715643904 46859 -38.152
734 49.0410715643904 48279 -34.911
735 49.0410715643904 49699 -28.973
736 49.0410715643904 51119 -36.074
737 49.0410715643904 52539 -35.655
738 49.0410715643904 53959 -36.417
739 49.0410715643904 55379 -41.729
740 49.0410715643904 56799 -46.671
741 49.0410715643904 58219 -46.889
742 49.0410715643904 59639 -43.958
743 49.0410715643904 61059 -39.451
744 49.0410715643904 62479 -36.989
745 49.0410715643904 63899 -23.927
746 49.0410715643904 65319 -29.88
747 49.0410715643904 66739 -32.305
748 49.0410715643904 68159 -38.868
749 49.0410715643904 69579 -37.156
750 49.0410715643904 70999 -33.793
751 49.0410715643904 72419 -26.132
752 49.0410715643904 73839 -30.827
753 49.0410715643904 75259 -26.077
754 49.0410715643904 76679 -44.98
755 49.0410715643904 78099 -41.981
756 49.0410715643904 79519 -43.118
757 49.0410715643904 80939 -33.204
758 49.0410715643904 82359 -35.716
759 49.0410715643904 83779 -31.583
760 49.0410715643904 85199 -26.971
761 49.0410715643904 86619 -19.568
762 49.0410715643904 88039 -26.337
763 49.0410715643904 89459 -28.772
764 49.0410715643904 90879 -44.671
765 49.0410715643904 92299 -40.004
766 49.0410715643904 93719 -35.292
767 49.0410715643904 95139 -40.495
768 49.0410715643904 96559 -31.016
769 49.0410715643904 97979 -33.217
770 49.0410715643904 99399 -20.772
771 49.0410715643904 100819 -16.445
772 49.0410715643904 102239 -16.416
773 49.0410715643904 103659 -20.4
774 49.0410715643904 105079 -16.243
775 49.0410715643904 106499 -17.164
776 49.0410715643904 107919 -17.756
777 49.0410715643904 109339 -16.885
778 49.0410715643904 110759 -21.207
779 49.0410715643904 112179 -12.613
780 49.0410715643904 113599 -4.395
781 49.0410715643904 115019 -11.125
782 49.0410715643904 116439 -7.776
783 49.0410715643904 117859 -0.901
784 49.0410715643904 119279 -5.867
785 49.0410715643904 120699 -19.595
786 49.0410715643904 122119 -7.256
787 49.0410715643904 123539 -5.538
788 49.0410715643904 124959 -13.403
789 49.0410715643904 126379 -4.852
790 49.0410715643904 127799 -13.37
791 49.0410715643904 129219 -16.98
792 49.0410715643904 130639 -7.494
793 49.0410715643904 132059 -9.755
794 49.0410715643904 133479 -14.363
795 49.0410715643904 134899 -17.937
796 49.0410715643904 136319 -22.003
797 49.0410715643904 137739 -19.529
798 49.0410715643904 139159 -21.371
799 49.0410715643904 140579 -23.319
800 49.0410715643904 141999 -25.307
801 43.15614297666355 1419 -25.934
802 43.15614297666355 2839 -18.431
803 43.15614297666355 4259 -8.659
804 43.15614297666355 5679 -11.574
805 43.15614297666355 7099 -11.447
806 43.15614297666355 8519 -24.558
807 43.15614297666355 9939 -19.791
808 43.15614297666355 11359 -24.661
809 43.15614297666355 12779 -30.328
810 43.15614297666355 14199 -28.328
811 43.15614297666355 15619 -32.798
812 43.15614297666355 17039 -41.836
813 43.15614297666355 18459 -40.903
814 43.15614297666355 19879 -34.912
815 43.15614297666355 21299 -39.738
816 43.15614297666355 22719 -32.099
817 43.15614297666355 24139 -35.94
818 43.15614297666355 25559 -32.859
819 43.15614297666355 26979 -30.32
820 43.15614297666355 28399 -27.687
821 43.15614297666355 29819 -26.912
822 43.15614297666355 31239 -37.128
823 43.15614297666355 32659 -36.02
824 43.15614297666355 34079 -26.78
825 43.15614297666355 35499 -31.532
826 43.15614297666355 36919 -22.271
827 43.15614297666355 38339 -15.63
828 43.15614297666355 39759 -21.944
829 43.15614297666355 41179 -13.563
830 43.15614297666355 42599 -7.791
831 43.15614297666355 44019 -7.914
832 43.15614297666355 45439 -4.519
833 43.15614297666355 46859 -11.693
834 43.15614297666355 48279 -23.765
835 43.15614297666355 49699 -27.466
836 43.15614297666355 51119 -25.219
837 43.15614297666355 52539 -21.07
838 43.15614297666355 53959 -32.119
839 43.15614297666355 55379 -31.251
840 43.15614297666355 56799 -25.696
841 43.15614297666355 58219 -31.835
842 43.15614297666355 59639 -30.809
843 43.15614297666355 61059 -34.8
844 43.15614297666355 62479 -19.321
845 43.15614297666355 63899 -14.809
846 43.15614297666355 65319 -14.023
847 43.15614297666355 66739 -6.043
848 43.15614297666355 68159 -4.36
849 43.15614297666355 69579 0.472
850 43.15614297666355 70999 -0.764
851 43.15614297666355 72419 -6.175
852 43.15614297666355 73839 -5.593
853 43.15614297666355 75259 -8.127
854 43.15614297666355 76679 1.032
855 43.15614297666355 78099 -3.687
856 43.15614297666355 79519 -9.125
857 43.15614297666355 80939 -15.558
858 43.15614297666355 82359 -28.436
859 43.15614297666355 83779 -31.087
860 43.15614297666355 85199 -34.488
861 43.15614297666355 86619 -33.882
862 43.15614297666355 88039 -28.664
863 43.15614297666355 89459 -26.392
864 43.15614297666355 90879 -7.706
865 43.15614297666355 92299 -7.643
866 43.15614297666355 93719 -19.259
867 43.15614297666355 95139 -3.692
868 43.15614297666355 96559 -12.975
869 43.15614297666355 97979 -20.626
870 43.15614297666355 99399 -16.031
871 43.15614297666355 100819 -19.846
872 43.15614297666355 102239 -23.546
873 43.15614297666355 103659 -33.48
874 43.15614297666355 105079 -26.08
875 43.15614297666355 106499 -24.819
876 43.15614297666355 107919 -25.266
877 43.15614297666355 109339 -22.596
878 43.15614297666355 110759 -33.107
879 43.15614297666355 112179 -32.019
880 43.15614297666355 113599 -26.261
881 43.15614297666355 115019 -23.706
882 43.15614297666355 116439 -26.079
883 43.15614297666355 117859 -19.235
884 43.15614297666355 119279 -36.553
885 43.15614297666355 120699 -38.439
886 43.15614297666355 122119 -49.497
887 43.15614297666355 123539 -51.371
888 43.15614297666355 124959 -49.363
889 43.15614297666355 126379 -50.024
890 43.15614297666355 127799 -43.825
891 43.15614297666355 129219 -34.829
892 43.15614297666355 130639 -19.224
893 43.15614297666355 132059 -26.27
894 43.15614297666355 133479 -12.834
895 43.15614297666355 134899 -21.498
896 43.15614297666355 136319 -26.282
897 43.15614297666355 137739 -21.506
898 43.15614297666355 139159 -14.159
899 43.15614297666355 140579 -8.858
900 43.15614297666355 141999 -12.518
901 37.977405819463925 1419 -12.091
902 37.977405819463925 2839 -12.269
903 37.977405819463925 4259 -14.197
904 37.977405819463925 5679 -20.182
905 37.977405819463925 7099 -34.914
906 37.977405819463925 8519 -38.178
907 37.977405819463925 9939 -36.66
908 37.977405819463925 11359 -32.995
909 37.977405819463925 12779 -29.723
910 37.977405819463925 14199 -37.174
911 37.977405819463925 15619 -25.597
912 37.977405819463925 17039 -23.425
913 37.977405819463925 18459 -11.787
914 37.977405819463925 19879 -17.066
915 37.977405819463925 21299 -13.323
916 37.977405819463925 22719 -12.965
917 37.977405819463925 24139 -24.801
918 37.977405819463925 25559 -29.683
919 37.977405819463925 26979 -23.182
920 37.977405819463925 28399 -29.604
921 37.977405819463925 29819 -37.652
922 37.977405819463925 31239 -36.52
923 37.977405819463925 32659 -29.706
924 37.977405819463925 34079 -36.112
925 37.977405819463925 35499 -36.298
926 37.977405819463925 36919 -38.524
927 37.977405819463925 38339 -26.526
928 37.977405819463925 39759 -42.007
929 37.977405819463925 41179 -50.003
930 37.977405819463925 42599 -51.992
931 37.977405819463925 44019 -51.927
932 37.977405819463925 45439 -52.88
933 37.977405819463925 46859 -52.594
934 37.977405819463925 48279 -50.695
935 37.977405819463925 49699 -51.763
936 37.977405819463925 51119 -50.444
937 37.977405819463925 52539 -56.511
938 37.977405819463925 53959 -52.189
939 37.977405819463925 55379 -48.441
940 37.977405819463925 56799 -46.832
941 37.977405819463925 58219 -52.574
942 37.977405819463925 59639 -54.988
943 37.977405819463925 61059 -55.598
944 37.977405819463925 62479 -56.693
945 37.977405819463925 63899 -50.15
946 37.977405819463925 65319 -39.487
947 37.977405819463925 66739 -37.823
948 37.977405819463925 68159 -49.93
949 37.977405819463925 69579 -49.108
950 37.977405819463925 70999 -49.922
951 37.977405819463925 72419 -38.17
952 37.977405819463925 73839 -40.289
953 37.977405819463925 75259 -36.025
954 37.977405819463925 76679 -31.522
955 37.977405819463925 78099 -25.577
956 37.977405819463925 79519 -20.973
957 37.977405819463925 80939 -34.451
958 37.977405819463925 82359 -31.343
959 37.977405819463925 83779 -29.335
960 37.977405819463925 85199 -32.512
961 37.977405819463925 86619 -31.397
962 37.977405819463925 88039 -14.164
963 37.977405819463925 89459 -15.727
964 37.977405819463925 90879 -20.842
965 37.977405819463925 92299 -19.99
966 37.977405819463925 93719 -23.485
967 37.977405819463925 95139 -21.327
968 37.977405819463925 96559 -21.457
969 37.977405819463925 97979 -20.651
970 37.977405819463925 99399 -17.57
971 37.977405819463925 100819 -22.688
972 37.977405819463925 102239 -12.405
973 37.977405819463925 103659 -12.918
974 37.977405819463925 105079 -8.411
975 37.977405819463925 106499 -11.136
976 37.977405819463925 107919 -12.298
977 37.977405819463925 109339 -22.242
978 37.977405819463925 110759 -18.103
979 37.977405819463925 112179 -20.538
980 37.977405819463925 113599 -29.267
981 37.977405819463925 115019 -29.695
982 37.977405819463925 116439 -37.952
983 37.977405819463925 117859 -37.426
984 37.977405819463925 119279 -39.725
985 37.977405819463925 120699 -36.361
986 37.977405819463925 122119 -42.063
987 37.977405819463925 123539 -33.919
988 37.977405819463925 124959 -48.102
989 37.977405819463925 126379 -41.602
990 37.977405819463925 127799 -38.746
991 37.977405819463925 129219 -29.758
992 37.977405819463925 130639 -20.041
993 37.977405819463925 132059 -22.589
994 37.977405819463925 133479 -11.964
995 37.977405819463925 134899 -7.97
996 37.977405819463925 136319 -9.232
997 37.977405819463925 137739 -6.773
998 37.977405819463925 139159 -20.018
999 37.977405819463925 140579 -25.643
1000 37.977405819463925 141999 -29.05
1001 33.42011712112826 1419 -32.479
1002 33.42011712112826 2839 -31.214
1003 33.42011712112826 4259 -31.877
1004 33.42011712112826 5679 -19.881
1005 33.42011712112826 7099 -37.13
1006 33.42011712112826 8519 -36.578
1007 33.42011712112826 9939 -37.584
1008 33.42011712112826 11359 -36.357
1009 33.42011712112826 12779 -31.334
1010 33.42011712112826 14199 -36.185
1011 33.42011712112826 15619 -38.516
1012 33.42011712112826 17039 -39.157
1013 33.42011712112826 18459 -40.445
1014 33.42011712112826 19879 -38.581
1015 33.42011712112826 21299 -31.924
1016 33.42011712112826 22719 -41.433
1017 33.42011712112826 24139 -44.631
1018 33.42011712112826 25559 -27.658
1019 33.42011712112826 26979 -31.281
1020 33.42011712112826 28399 -19.659
1021 33.42011712112826 29819 -26.893
1022 33.42011712112826 31239 -20.56
1023 33.42011712112826 32659 -27.009
1024 33.42011712112826 34079 -30.333
1025 33.42011712112826 35499 -25.387
1026 33.42011712112826 36919 -22.228
1027 33.42011712112826 38339 -32.916
1028 33.42011712112826 39759 -31.805
1029 33.42011712112826 41179 -37.142
1030 33.42011712112826 42599 -24.03
1031 33.42011712112826 44019 -14.76
1032 33.42011712112826 45439 -10.776
1033 33.42011712112826 46859 -20.109
1034 33.42011712112826 48279 -22.399
1035 33.42011712112826 49699 -10.473
1036 33.42011712112826 51119 -15.895
1037 33.42011712112826 52539 -17.619
1038 33.42011712112826 53959 -17.027
1039 33.42011712112826 55379 -21.961
1040 33.42011712112826 56799 -21.88
1041 33.42011712112826 58219 -23.894
1042 33.42011712112826 59639 -24.184
1043 33.42011712112826 61059 -20.395
1044 33.42011712112826 62479 -24.914
1045 33.42011712112826 63899 -26.066
1046 33.42011712112826 65319 -10.131
1047 33.42011712112826 66739 -19.057
1048 33.42011712112826 68159 -30.07
1049 33.42011712112826 69579 -23.331
1050 33.42011712112826 70999 -25.673
1051 33.42011712112826 72419 -30.268
1052 33.42011712112826 73839 -21.782
1053 33.42011712112826 75259 -25.039
1054 33.42011712112826 76679 -27.396
1055 33.42011712112826 78099 -30.886
1056 33.42011712112826 79519 -34.5
1057 33.42011712112826 80939 -33.337
1058 33.42011712112826 82359 -25.04
1059 33.42011712112826 83779 -20.111
1060 33.42011712112826 85199 -20.774
1061 33.42011712112826 86619 -23.498
1062 33.42011712112826 88039 -24.425
1063 33.42011712112826 89459 -31.397
1064 33.42011712112826 90879 -31.576
1065 33.42011712112826 92299 -28.763
1066 33.42011712112826 93719 -26.965
1067 33.42011712112826 95139 -19.006
1068 33.42011712112826 96559 -14.365
1069 33.42011712112826 97979 -8.021
1070 33.42011712112826 99399 -21.248
1071 33.42011712112826 100819 -32.297
1072 33.42011712112826 102239 -28.368
1073 33.42011712112826 103659 -35.187
1074 33.42011712112826 105079 -32.504
1075 33.42011712112826 106499 -33.412
1076 33.42011712112826 107919 -18.723
1077 33.42011712112826 109339 -33.477
1078 33.42011712112826 110759 -30.605
1079 33.42011712112826 112179 -35.198
1080 33.42011712112826 113599 -35.114
1081 33.42011712112826 115019 -27.136
1082 33.42011712112826 116439 -28.393
1083 33.42011712112826 117859 -39.522
1084 33.42011712112826 119279 -35.737
1085 33.42011712112826 120699 -43.78
1086 33.42011712112826 122119 -45.295
1087 33.42011712112826 123539 -45.59
1088 33.42011712112826 124959 -46.05
1089 33.42011712112826 126379 -42.252
1090 33.42011712112826 127799 -39.863
1091 33.42011712112826 129219 -45.005
1092 33.42011712112826 130639 -38.269
1093 33.42011712112826 132059 -38.618
1094 33.42011712112826 133479 -39.496
1095 33.42011712112826 134899 -41.183
1096 33.42011712112826 136319 -38.339
1097 33.42011712112826 137739 -33.07
1098 33.42011712112826 139159 -39.6
1099 33.42011712112826 140579 -31.329
1100 33.42011712112826 141999 -31.727
1101 29.409703066592865 1419 -35.604
1102 29.409703066592865 2839 -31.711
1103 29.409703066592865 4259 -30.667
1104 29.409703066592865 5679 -32.003
1105 29.409703066592865 7099 -31.554
1106 29.409703066592865 8519 -21.519
1107 29.409703066592865 9939 -25.227
1108 29.409703066592865 11359 -26.24
1109 29.409703066592865 12779 -25.416
1110 29.409703066592865 14199 -25.348
1111 29.409703066592865 15619 -22.104
1112 29.409703066592865 17039 -33.809
1113 29.409703066592865 18459 -39.948
1114 29.409703066592865 19879 -27.886
1115 29.409703066592865 21299 -31.209
1116 29.409703066592865 22719 -35.959
1117 29.409703066592865 24139 -26.717
1118 29.409703066592865 25559 -27.135
1119 29.409703066592865 26979 -40.91
1120 29.409703066592865 28399 -43.8
1121 29.409703066592865 29819 -49.196
1122 29.409703066592865 31239 -51.223
1123 29.409703066592865 32659 -49.276
1124 29.409703066592865 34079 -46.294
1125 29.409703066592865 35499 -41.655
1126 29.409703066592865 36919 -52.337
1127 29.409703066592865 38339 -54.42
1128 29.409703066592865 39759 -53.23
1129 29.409703066592865 41179 -45.354
1130 29.409703066592865 42599 -46.626
1131 29.409703066592865 44019 -54.354
1132 29.409703066592865 45439 -54.28
1133 29.409703066592865 46859 -54.028
1134 29.409703066592865 48279 -49.868
1135 29.409703066592865 49699 -41.938
1136 29.409703066592865 51119 -50.02
1137 29.409703066592865 52539 -50.838
1138 29.409703066592865 53959 -51.228
1139 29.409703066592865 55379 -46.693
1140 29.409703066592865 56799 -45.227
1141 29.409703066592865 58219 -54.928
1142 29.409703066592865 59639 -53.93
1143 29.409703066592865 61059 -38.204
1144 29.409703066592865 62479 -46.757
1145 29.409703066592865 63899 -42.482
1146 29.409703066592865 65319 -46.307
1147 29.409703066592865 66739 -30.091
1148 29.409703066592865 68159 -41.457
1149 29.409703066592865 69579 -41.587
1150 29.409703066592865 70999 -46.543
1151 29.409703066592865 72419 -36.175
1152 29.409703066592865 73839 -33.968
1153 29.409703066592865 75259 -36.116
1154 29.409703066592865 76679 -39.429
1155 29.409703066592865 78099 -37.348
1156 29.409703066592865 79519 -45.097
1157 29.409703066592865 80939 -47.614
1158 29.409703066592865 82359 -44.28
1159 29.409703066592865 83779 -38.293
1160 29.409703066592865 85199 -31.943
1161 29.409703066592865 86619 -38.507
1162 29.409703066592865 88039 -35.098
1163 29.409703066592865 89459 -27.26
1164 29.409703066592865 90879 -25.391
1165 29.409703066592865 92299 -32.417
1166 29.409703066592865 93719 -35.453
1167 29.409703066592865 95139 -38.612
1168 29.409703066592865 96559 -28.95
1169 29.409703066592865 97979 -19.784
1170 29.409703066592865 99399 -30.303
1171 29.409703066592865 100819 -24.587
1172 29.409703066592865 102239 -22.629
1173 29.409703066592865 103659 -28.266
1174 29.409703066592865 105079 -25.592
1175 29.409703066592865 106499 -33.435
1176 29.409703066592865 107919 -33.212
1177 29.409703066592865 109339 -31.635
1178 29.409703066592865 110759 -44.153
1179 29.409703066592865 112179 -37.064
1180 29.409703066592865 113599 -37.252
1181 29.409703066592865 115019 -38.158
1182 29.409703066592865 116439 -37.312
1183 29.409703066592865 117859 -39.388
1184 29.409703066592865 119279 -45.023
1185 29.409703066592865 120699 -44.763
1186 29.409703066592865 122119 -48.138
1187 29.409703066592865 123539 -43.96
1188 29.409703066592865 124959 -40.53
1189 29.409703066592865 126379 -38.003
1190 29.409703066592865 127799 -40.734
1191 29.409703066592865 129219 -44.155
1192 29.409703066592865 130639 -48.966
1193 29.409703066592865 132059 -41.491
1194 29.409703066592865 133479 -44.491
1195 29.409703066592865 134899 -43.529
1196 29.409703066592865 136319 -48.32
1197 29.409703066592865 137739 -45.495
1198 29.409703066592865 139159 -42.019
1199 29.409703066592865 140579 -46.024
1200 29.409703066592865 141999 -41.747
1201 25.880538698601722 1419 -46.627
1202 25.880538698601722 2839 -42.787
1203 25.880538698601722 4259 -41.729
1204 25.880538698601722 5679 -39.785
1205 25.880538698601722 7099 -41.195
1206 25.880538698601722 8519 -52.336
1207 25.880538698601722 9939 -54.223
1208 25.880538698601722 11359 -55.091
1209 25.880538698601722 12779 -46.287
1210 25.880538698601722 14199 -45.881
1211 25.880538698601722 15619 -52.983
1212 25.880538698601722 17039 -46.202
1213 25.880538698601722 18459 -48.486
1214 25.880538698601722 19879 -43.242
1215 25.880538698601722 21299 -45.235
1216 25.880538698601722 22719 -35.18
1217 25.880538698601722 24139 -47.581
1218 25.880538698601722 25559 -45.422
1219 25.880538698601722 26979 -40.51
1220 25.880538698601722 28399 -46.861
1221 25.880538698601722 29819 -40.787
1222 25.880538698601722 31239 -38.122
1223 25.880538698601722 32659 -45.555
1224 25.880538698601722 34079 -45.977
1225 25.880538698601722 35499 -43.962
1226 25.880538698601722 36919 -45.895
1227 25.880538698601722 38339 -43.555
1228 25.880538698601722 39759 -45.12
1229 25.880538698601722 41179 -46.732
1230 25.880538698601722 42599 -45.762
1231 25.880538698601722 44019 -49.64
1232 25.880538698601722 45439 -50.57
1233 25.880538698601722 46859 -46.393
1234 25.880538698601722 48279 -40.551
1235 25.880538698601722 49699 -40.625
1236 25.880538698601722 51119 -39.901
1237 25.880538698601722 52539 -44.115
1238 25.880538698601722 53959 -42.731
1239 25.880538698601722 55379 -45.103
1240 25.880538698601722 56799 -43.123
1241 25.880538698601722 58219 -43.083
1242 25.880538698601722 59639 -40.919
1243 25.880538698601722 61059 -43.437
1244 25.880538698601722 62479 -44.834
1245 25.880538698601722 63899 -40.901
1246 25.880538698601722 65319 -41.679
1247 25.880538698601722 66739 -44.275
1248 25.880538698601722 68159 -46.376
1249 25.880538698601722 69579 -46.532
1250 25.880538698601722 70999 -47.354
1251 25.880538698601722 72419 -47.412
1252 25.880538698601722 73839 -54.549
1253 25.880538698601722 75259 -49.343
1254 25.880538698601722 76679 -43.625
1255 25.880538698601722 78099 -36.836
1256 25.880538698601722 79519 -32.984
1257 25.880538698601722 80939 -29.783
1258 25.880538698601722 82359 -31.936
1259 25.880538698601722 83779 -35.523
1260 25.880538698601722 85199 -35.356
1261 25.880538698601722 86619 -49.685
1262 25.880538698601722 88039 -50.551
1263 25.880538698601722 89459 -50.211
1264 25.880538698601722 90879 -51.282
1265 25.880538698601722 92299 -55.661
1266 25.880538698601722 93719 -55.035
1267 25.880538698601722 95139 -49.542
1268 25.880538698601722 96559 -46.863
1269 25.880538698601722 97979 -50.912
1270 25.880538698601722 99399 -43.005
1271 25.880538698601722 100819 -46.742
1272 25.880538698601722 102239 -41.447
1273 25.880538698601722 103659 -37.894
1274 25.880538698601722 105079 -43.562
1275 25.880538698601722 106499 -40.466
1276 25.880538698601722 107919 -32.098
1277 25.880538698601722 109339 -45.891
1278 25.880538698601722 110759 -53.752
1279 25.880538698601722 112179 -55.523
1280 25.880538698601722 113599 -52.115
1281 25.880538698601722 115019 -55.535
1282 25.880538698601722 116439 -47.115
1283 25.880538698601722 117859 -50.034
1284 25.880538698601722 119279 -50.228
1285 25.880538698601722 120699 -51.583
1286 25.880538698601722 122119 -55.703
1287 25.880538698601722 123539 -55.515
1288 25.880538698601722 124959 -55.431
1289 25.880538698601722 126379 -55.923
1290 25.880538698601722 127799 -51.306
1291 25.880538698601722 129219 -52.896
1292 25.880538698601722 130639 -55.533
1293 25.880538698601722 132059 -55.245
1294 25.880538698601722 133479 -51.322
1295 25.880538698601722 134899 -54.092
1296 25.880538698601722 136319 -55.861
1297 25.880538698601722 137739 -50.226
1298 25.880538698601722 139159 -41.364
1299 25.880538698601722 140579 -42.849
1300 25.880538698601722 141999 -38.068
1301 22.774874054769516 1419 -46.408
1302 22.774874054769516 2839 -53.043
1303 22.774874054769516 4259 -49.257
1304 22.774874054769516 5679 -46.298
1305 22.774874054769516 7099 -41.424
1306 22.774874054769516 8519 -34.13
1307 22.774874054769516 9939 -37.553
1308 22.774874054769516 11359 -34.291
1309 22.774874054769516 12779 -38.155
1310 22.774874054769516 14199 -35.113
1311 22.774874054769516 15619 -37.091
1312 22.774874054769516 17039 -40.633
1313 22.774874054769516 18459 -44.054
1314 22.774874054769516 19879 -41.253
1315 22.774874054769516 21299 -39.957
1316 22.774874054769516 22719 -44.989
1317 22.774874054769516 24139 -41.669
1318 22.774874054769516 25559 -38.882
1319 22.774874054769516 26979 -36.662
1320 22.774874054769516 28399 -37.175
1321 22.774874054769516 29819 -35.751
1322 22.774874054769516 31239 -32.219
1323 22.774874054769516 32659 -44.001
1324 22.774874054769516 34079 -56.359
1325 22.774874054769516 35499 -50.707
1326 22.774874054769516 36919 -54.346
1327 22.774874054769516 38339 -55.178
1328 22.774874054769516 39759 -48.555
1329 22.774874054769516 41179 -50.243
1330 22.774874054769516 42599 -61.59
1331 22.774874054769516 44019 -59.261
1332 22.774874054769516 45439 -59.401
1333 22.774874054769516 46859 -60.81
1334 22.774874054769516 48279 -63.191
1335 22.774874054769516 49699 -60.83
1336 22.774874054769516 51119 -62.711
1337 22.774874054769516 52539 -57.22
1338 22.774874054769516 53959 -60.698
1339 22.774874054769516 55379 -57.57
1340 22.774874054769516 56799 -57.398
1341 22.774874054769516 58219 -61.172
1342 22.774874054769516 59639 -56.977
1343 22.774874054769516 61059 -48.674
1344 22.774874054769516 62479 -57.239
1345 22.774874054769516 63899 -58.493
1346 22.774874054769516 65319 -55.712
1347 22.774874054769516 66739 -54.063
1348 22.774874054769516 68159 -42.514
1349 22.774874054769516 69579 -41.335
1350 22.774874054769516 70999 -47.781
1351 22.774874054769516 72419 -54.943
1352 22.774874054769516 73839 -52.492
1353 22.774874054769516 75259 -57.516
1354 22.774874054769516 76679 -56.351
1355 22.774874054769516 78099 -49.482
1356 22.774874054769516 79519 -45.9
1357 22.774874054769516 80939 -48.576
1358 22.774874054769516 82359 -55.534
1359 22.774874054769516 83779 -59.759
1360 22.774874054769516 85199 -58.574
1361 22.774874054769516 86619 -62.881
1362 22.774874054769516 88039 -63.941
1363 22.774874054769516 89459 -62.262
1364 22.774874054769516 90879 -61.78
1365 22.774874054769516 92299 -60.92
1366 22.774874054769516 93719 -62.949
1367 22.774874054769516 95139 -61.09
1368 22.774874054769516 96559 -61.59
1369 22.774874054769516 97979 -54.177
1370 22.774874054769516 99399 -52.343
1371 22.774874054769516 100819 -45.863
1372 22.774874054769516 102239 -38.91
1373 22.774874054769516 103659 -47.004
1374 22.774874054769516 105079 -47.594
1375 22.774874054769516 106499 -54.307
1376 22.774874054769516 107919 -46.12
1377 22.774874054769516 109339 -47.289
1378 22.774874054769516 110759 -42.737
1379 22.774874054769516 112179 -39.975
1380 22.774874054769516 113599 -46.211
1381 22.774874054769516 115019 -46.783
1382 22.774874054769516 116439 -45.254
1383 22.774874054769516 117859 -45.069
1384 22.774874054769516 119279 -46.918
1385 22.774874054769516 120699 -37.437
1386 22.774874054769516 122119 -30.605
1387 22.774874054769516 123539 -39.363
1388 22.774874054769516 124959 -41.146
1389 22.774874054769516 126379 -36.328
1390 22.774874054769516 127799 -44.771
1391 22.774874054769516 129219 -45.202
1392 22.774874054769516 130639 -39.156
1393 22.774874054769516 132059 -33.069
1394 22.774874054769516 133479 -46.327
1395 22.774874054769516 134899 -42.465
1396 22.774874054769516 136319 -35.357
1397 22.774874054769516 137739 -24.333
1398 22.774874054769516 139159 -35.984
1399 22.774874054769516 140579 -32.593
1400 22.774874054769516 141999 -27.036
